423257
420210
419279
415266
418129
368046
413378
407017
408721
404600
404594
318878
391384
394535
399590
399408
398588
395221
394234
391123
389967
389456
389752
389750
388971
384401
387444
387718
386049
384398
384189
382189
382723
376990
376351
376139
374964
374745
373195
371998
371684
362956
359332
354947
353457
354022
340806
353349
353100
352389
350855
349764
349636
348979
348488
327134
339974
341446
340323
339300
336997
282379
324804
324190
318899
324135
320468
323634
323417
322039
322832
321641
318397
317743
317139
314766
314130
314365
311910
310144
310704
309402
308386
291206
308093
305788
298786
297013
120375
293457
293351
279298
289818
289816
288198
288505
287315
285172
280783
279120
274986
274559
272591
269522
270033
269902
269912
269867
269840
269578
266996
266602
264869
264563
263837
261808
260751
259528
251326
185447
256400
249710
186884
192877
245734
246021
244321
216067
238666
229829
237962
203367
155347
227295
233497
232712
231467
209372
230817
228633
224962
184447
163802
222987
222437
193348
220686
219830
220430
220172
210848
203384
211674
206732
175039
171667
170102
165148
164288
161502
149908
160496
161217
149293
160167
159896
159143
156904
152366
158573
158624
148908
158412
153845
155972
155238
155148
155213
129525
150271
149560
154332
153535
148219
152161
152388
152979
152873
152835
152631
151991
152589
151938
151978
151673
151845
151182
150671
148409
148693
148737
148972
148727
148911
148388
148786
147711
148007
147801
147845
136707
146546
122580
145322
145086
132591
120739
144717
143930
142466
138223
141956
130722
141945
135068
133117
129704
138384
140357
134371
135780
138798
138286
138540
136585
136665
135001
134541
130837
132087
132160
133307
132926
132130
131932
131933
131505
101411
130300
129298
121312
122742
128618
128237
128744
128699
123553
122370
121616
119882
120356
123212
125809
125657
123901
121395
125295
125101
124999
124399
124654
124808
124803
122347
123612
58524
122248
122417
122458
112458
122728
121385
58520
120909
120743
120693
120543
120521
120401
120363
120351
119451
119353
109614
119352
118715
118149
118698
118781
117209
111667
118337
11280
117614
116899
114495
114054
116254
117681
103157
117189
103051
114332
115607
116755
115204
116949
116626
116255
116305
115235
113118
112756
112830
114005
90143
112476
114744
113510
108892
113861
99191
112615
113511
111915
113073
112027
107299
112514
112243
56779
92837
91417
108117
111481
77269
108118
101047
101407
102933
88900
77076
109173
109283
76374
104957
108120
109486
103740
108826
109124
109016
108886
109042
108902
108816
99125
101606
102212
99136
108062
98290
102459
59076
74048
59196
71159
107858
104024
95992
108448
108377
108050
107713
104720
82989
79523
104529
86057
78261
91114
64568
106634
106461
104212
103266
83935
100260
100227
99168
84260
98646
94167
81846
96371
94086
84312
86832
82755
93345
87282
91053
91267
91719
92906
92630
91912
92053
91858
82171
90588
85297
88862
84333
84122
76055
88652
87376
86789
83565
83626
83563
83303
82340
82218
78021
82134
81863
82062
80916
80249
77163
77799
76798
73895
74952
76096
75568
74238
72157
73433
73334
72671
72528
46298
49743
72699
72150
72531
72154
71811
49657
71723
71076
62642
70241
67578
71878
61374
61768
54421
68991
65319
53981
59208
67592
71377
44191
42573
60015
57666
67774
70773
30439
61536
48990
64331
58681
69459
53999
70619
70008
69011
68494
61411
62227
59599
59909
54238
59596
57436
57430
55341
31460
53012
52928
55134
40192
47910
54625
54965
51322
44272
50776
52394
51320
36430
51929
45489
50570
48091
48072
50200
42515
36234
47952
38824
44587
46280
44586
49814
49638
41952
47754
49250
49457
47318
43783
44117
43709
43033
43194
42993
42740
42539
41359
41888
39436
41254
41123
40534
40257
41170
38717
39974
39626
39959
40824
39842
40771
40380
39993
39458
38131
37739
37021
30663
36936
34951
36803
29665
36564
35725
36046
33474
34925
34858
34820
29934
32239
32421
33948
32463
33635
30026
31423
30168
29959
29769
29662
29186
28919
28974
