422205
389229
403306
375294
416987
416703
417317
417305
417291
414088
320365
405749
416105
415915
415922
410905
407846
390669
390630
390675
368682
412357
361443
211884
375600
258911
362714
355407
354788
350763
299248
340767
283491
336767
333860
331333
330326
330873
328221
324546
288223
315745
324070
322347
322512
322346
307321
314645
321540
321474
320462
319963
319902
319351
313646
318835
313297
318062
317397
314233
312859
314612
317267
312531
316695
313459
315366
316674
316568
315170
315181
315315
314375
307327
315008
315050
315035
313882
314190
292641
314088
314631
314123
314634
314117
314203
312761
314218
314207
314198
314199
313472
314200
313465
314099
313466
287790
312750
313868
314070
221310
311676
310958
306665
313835
313647
299096
298628
313684
311507
313657
313652
298146
287802
312382
313645
309071
310180
304319
276276
312009
299037
312759
298037
312763
311831
311496
313292
299233
312855
312757
289728
312767
312766
313069
301770
288906
312521
256537
313067
312529
229538
311494
312770
310057
284709
304308
288720
289546
302367
284068
311998
305982
310416
310418
311664
311678
308971
312370
311823
301493
311669
312030
311489
310251
305308
310457
311483
312026
312022
312036
312006
311815
308388
287655
303035
310407
310963
310960
270189
311463
304626
311264
310959
310971
306664
310742
306423
308784
310753
309625
299515
310563
307597
305117
307624
305851
307353
309432
310061
307336
309911
310050
291152
309427
309442
309265
288446
309431
308967
305950
292109
307338
305947
308187
308781
307468
307810
308451
307366
307959
308426
308443
308138
301397
306277
304779
307956
307465
307470
305749
306677
307018
298456
306681
305450
305951
306088
305946
298953
305451
305814
298673
303457
304304
299610
302249
301137
295687
305459
305298
304322
296428
304030
304446
252915
291512
304298
302230
301479
302842
301494
304612
302143
303029
304634
303846
303854
304198
303462
302380
302677
302365
302359
302226
293633
302098
302106
301771
301923
302084
302088
301925
300631
290208
301646
301382
299617
301396
301380
301202
301093
279050
299899
299903
300945
300633
299740
300461
300766
300629
265261
300142
299035
298620
299898
282477
299913
299456
299600
287653
298817
288169
299349
299284
286906
298636
292071
287131
298738
299176
298739
298728
292984
298627
298167
295062
296086
297920
297918
297553
297433
292399
295823
296273
297149
295947
278080
296645
296539
296542
296181
295350
295549
280913
294182
294740
295207
294837
292730
294840
294830
294841
294423
294225
294147
294172
292991
294023
294149
239706
292841
292989
293419
292724
293748
293631
293532
293390
288803
293388
273982
293253
293122
289180
289308
288895
293124
293006
293121
292848
292874
288786
292853
287780
292850
288593
288431
292726
292843
292847
284964
291731
292492
291878
289175
281865
292286
288323
287799
288326
292117
291971
292008
291975
287788
290213
284233
289828
286092
291850
288540
290664
290644
290480
282237
287656
290210
289706
285840
290225
288617
287922
288655
211944
288891
282248
289171
289372
289411
290086
288607
289318
278777
287910
289314
285009
289050
289031
288440
288209
288438
285851
288802
288332
288731
281056
286321
288592
288043
288201
287942
287513
287280
287931
273045
287531
288076
288200
286356
287642
285516
287781
288199
287662
287399
287108
287789
287102
288084
287798
287649
287007
287634
288066
287534
287774
287635
287515
287521
286603
287410
286389
287260
284832
215680
287257
287256
182066
287035
287111
269643
279776
286899
238453
236380
282501
279208
286775
286758
281973
284367
286750
280886
286761
284526
286598
278584
286370
285528
285844
279213
286352
282769
282343
284633
285817
285384
284194
285819
284613
284870
285663
285420
285418
285675
285812
285655
285959
285517
285114
284703
280732
284829
284952
283788
284528
284988
283674
284951
284816
284954
283266
284835
283794
284237
284813
279732
284364
284379
284467
284695
284694
280212
280228
284460
280560
283973
275620
284100
284064
283507
284223
284219
282250
284312
281940
283965
282846
284130
284075
283990
281460
281181
284192
282225
283253
284033
283376
283972
283493
283481
283355
282110
283285
283284
283268
283280
282949
283105
281183
282641
282979
279749
279892
282763
281610
280892
282611
282348
282544
117675
282102
282478
282488
282479
282246
282117
281537
282257
281816
282231
282120
279751
281321
281956
276240
281942
281517
281471
278894
281632
281467
280898
281310
281601
271984
281450
281802
281588
281303
281299
281308
281191
276196
277885
280032
277908
279889
278583
280573
280557
280389
280392
279911
279407
280030
279891
280372
280379
279026
142136
273971
274779
279398
279899
279898
279750
279589
279438
279567
279186
279554
279067
279073
279077
272238
276663
279197
276226
279066
278547
278709
278603
279217
277080
276665
246904
279072
278897
275764
278999
278163
278896
278720
278591
278718
278728
278714
278590
278597
278706
277791
278710
278707
263596
275622
269124
276409
275825
278542
235504
277790
277413
276684
277439
277426
277276
270217
277430
277311
277271
277273
277263
276798
277047
274930
274475
273532
275793
276806
276658
276828
273368
224242
190722
259632
250733
273026
229539
276642
276659
276656
276218
276430
276216
276441
276242
273187
276456
276254
275591
276266
276449
276643
276454
275601
276425
276239
159857
261726
276406
276408
276251
275406
276007
274778
275410
276238
275789
275962
275813
268921
276036
275815
272130
276006
275837
271866
275791
275792
275830
275772
275803
275276
272090
275597
260706
275711
275430
275587
271500
271109
270451
273998
271865
275590
258431
275585
274785
274927
275420
275415
206104
272847
275008
271982
273042
273008
273535
275258
272904
274458
274941
274257
275112
275271
273381
275259
273524
273992
274234
274218
273556
273367
274226
225695
271741
273377
271861
273374
273366
272280
273365
273028
271568
273175
273162
271596
273169
239925
272611
273007
237427
190347
272866
272633
272852
272634
206152
272649
272636
267535
272645
270647
272642
272441
271856
268010
189227
271408
269783
267806
272131
272114
272118
272117
265245
261160
270545
272100
271591
271126
271825
271873
271546
271743
271540
271729
271740
271719
271781
271114
271589
271423
271558
271725
252718
271597
271557
271547
271407
271560
271539
271116
271084
270247
271394
270692
270909
269920
271098
269952
271100
270710
270723
270556
270689
270253
267211
270695
270711
270698
270408
270576
207568
270696
270563
270073
270051
269918
270417
270230
270233
267120
268491
270234
270244
270239
270241
270207
269784
269143
270089
270077
270079
270100
269928
269116
269923
268282
269779
269641
268916
269768
269129
269646
269334
269134
269642
269639
266975
264708
244326
244501
268907
269315
254565
268546
268477
268000
269307
268912
268749
269150
268290
265919
267167
267322
267156
266795
268266
268728
268061
268068
269141
269117
259612
268924
268919
268918
258572
268908
268707
268537
259552
268485
268478
268475
254701
268034
268278
268271
268257
268032
268029
267790
268009
267581
268013
267820
267792
267807
263922
267762
124950
267599
265242
267159
265965
267577
150243
267570
267563
267341
267300
267186
246810
177433
266257
264273
266793
266647
266914
266447
266785
266783
246507
265244
266654
266644
266446
266459
257010
266075
265905
265266
265782
257014
265434
265249
265403
255309
265102
265264
263851
265126
263744
264836
265106
249277
264303
264975
264289
265074
264813
260681
263849
264654
250237
264629
259924
263311
262673
264455
259729
261792
261979
261316
263913
262749
263594
199976
188049
262115
263760
263725
247610
230084
261965
261595
261809
262136
259613
259689
261960
261961
247842
261749
261772
261308
261746
261760
261602
261447
260229
261578
261329
261314
261456
261445
259874
261440
261320
259693
259776
164923
214180
261154
260249
260988
255837
258778
260818
260680
260350
306749
259948
260496
260495
260202
260014
251674
172286
236018
259926
259904
259901
259823
259817
259548
258898
259123
234064
258047
254933
258654
259238
259555
259650
254404
184837
259620
256847
256307
259469
258636
259056
258388
258787
258585
258773
183437
258394
258627
258633
258403
256538
258018
257475
258582
256850
257044
257028
257577
258382
256855
255600
257008
194246
257128
150524
258234
258015
256642
257672
257472
257473
257468
253883
231071
254979
238342
246191
256238
254568
254977
169817
252043
254981
256167
247384
253884
239190
255584
231395
255579
245637
250892
255304
230486
255312
254989
254500
248821
241028
252527
253873
252318
254402
251558
254399
252550
254394
253856
253654
253161
253640
253139
252919
252313
252721
251493
251494
252525
252526
252542
251520
252294
252301
250053
252148
244276
248324
251810
251052
251048
245207
248815
250609
250727
250905
251960
252124
251051
250902
246828
239098
250404
250711
250890
250405
245215
250242
249577
250216
245498
250223
246827
249906
249672
249914
249918
250218
249450
247126
248524
247780
236384
247411
247163
246968
247123
248129
248817
249728
245909
246817
246677
245916
247924
247386
246341
246193
247641
231237
246819
242667
247588
247129
239268
232730
244974
246940
246312
246532
237582
245499
246969
246658
245465
246027
246174
246686
246805
245079
239760
246052
239266
232900
246046
246045
245839
245333
245813
245624
245812
245833
237190
245629
245510
245507
245502
245077
245332
239398
244668
158644
244376
243844
244375
245208
243269
245192
245082
244914
244389
243717
244916
243982
215192
242488
241792
235707
242657
244665
243394
243803
243986
243464
232722
236339
243981
234531
214011
243995
244107
236560
243969
243767
243974
244115
243708
237806
243701
241949
243368
243541
243254
242846
243248
243141
241489
241650
234559
242676
241052
242139
237550
242032
242065
242455
237019
242487
242318
233906
234522
242205
241931
242199
241906
240624
236565
236785
234902
240786
240813
241043
241776
240647
241610
240619
236190
239070
238077
241612
234826
241344
240293
240459
239597
239546
240895
235767
235293
239751
241187
241040
238720
240431
240620
240436
240285
236432
237018
239926
239920
231110
239199
236389
239759
239027
232259
236984
235510
237734
236786
235050
237869
234407
238716
238735
236564
238712
238935
238715
237405
235252
201354
224256
235947
236983
237748
235757
234294
237879
237569
236813
237182
205717
236744
236742
236572
236561
235507
235038
235620
235539
236014
236402
236016
236338
235998
236346
233885
235966
235803
235984
235991
235977
235758
235982
235973
235532
235749
235964
235957
235773
235270
235761
233900
234190
235760
234298
235518
235551
235544
235080
235275
235259
235071
235059
235077
235047
233899
235048
234796
232719
235040
234816
232824
234318
234519
234758
234442
233376
233179
230460
233147
234133
233408
233871
234086
234129
234078
234052
209755
232757
232718
232035
233612
228344
232647
230452
233400
230104
230814
231719
232637
232465
232639
231759
233157
233131
229436
213955
232907
192368
231402
232221
220851
232894
232898
203642
194374
231498
232263
232230
232439
231723
232231
229554
231769
231721
231043
227283
232009
227951
223576
231706
231983
231720
231353
231760
231736
231712
230338
231499
229233
231480
225540
230844
231241
231085
228835
230835
231066
229208
228551
167618
231058
229221
229551
228244
228808
230306
230033
229211
229524
230105
228821
227525
141934
230158
230103
230102
229649
229215
229521
230098
228372
229220
229563
228131
229908
230139
229231
229203
100559
228631
228818
228603
228309
228598
228615
228636
224549
228619
228609
155138
228604
227269
225034
228346
228326
228321
228138
226742
100505
100319
224262
217563
227957
226647
100415
226631
227481
160542
223456
227074
227075
226829
226859
227274
227271
227072
100257
227249
226078
100413
223088
223541
226858
226871
227061
223314
226864
225516
224061
226862
226447
209799
226435
225030
224758
225511
226445
226066
226257
225927
223032
224502
223473
223759
225368
225282
221784
212982
210383
224763
224064
100014
225283
213900
226072
225937
225925
225270
224860
225046
225035
198749
223789
224316
224512
200294
224297
216672
207265
223787
198230
224286
224048
224054
224255
222560
224045
199008
221107
222540
214322
224021
215936
223786
212711
216486
222915
223478
223608
223758
223615
223612
223304
222925
197254
223610
223603
223296
176451
223465
223161
222510
223462
223461
223320
222606
223326
222921
223305
223166
223297
216721
223165
223031
223120
223053
220714
222992
222656
223034
220610
193667
222657
222661
222343
222548
143899
222515
222521
210323
222348
217599
222262
220844
221788
222006
222002
221617
219591
221801
205776
220152
220333
221630
211471
158631
221627
221623
121842
221461
220157
221457
221295
217111
221230
221426
220339
220723
221257
220800
217952
212082
220148
216231
220690
220538
220710
205570
219131
220141
220517
220160
200150
220520
220329
219554
215601
217405
219915
218780
217542
219749
220053
219292
219546
219052
204851
219906
219727
219544
218756
217961
217377
219062
217549
217640
215442
208848
208346
217589
217419
219288
219380
217603
218749
216718
217552
217578
218737
219046
216381
217638
217632
214712
214209
217567
217544
217539
217546
217401
217408
217397
217045
214086
213549
217376
216848
217388
193894
215715
216616
217213
217215
216547
211539
216861
216396
216723
216964
217053
216545
217044
217042
216597
217036
217031
213876
216733
216731
215308
187327
201963
215480
216402
216551
216386
216385
216378
215343
215742
215933
215737
212490
216084
214206
216085
215744
216214
209591
215935
198530
215751
174105
215618
210480
196947
215321
212268
215620
215470
213832
100991
215291
215434
215306
214178
215290
213796
211958
215168
215288
192695
214855
214296
215171
193425
213810
213939
214572
214706
214453
212505
214337
214714
213959
214254
214198
214577
211081
214212
214204
214288
214196
214197
214077
214184
214089
213826
214082
210507
213981
214074
214065
213973
213841
213947
213946
214005
213970
213915
208552
213813
213913
213965
213957
212371
213958
211849
213406
212238
213399
210715
213804
213907
212124
213827
213413
213663
213836
212478
213680
213671
211547
210716
213822
213824
212246
212984
212992
211978
210891
213412
213401
213405
211991
211773
198221
211839
213126
212983
212985
212712
173039
212715
211833
212291
210510
212703
212450
212370
212701
212497
212372
212365
208412
210241
212375
208419
211515
212094
208373
208872
205411
212117
212109
212110
212102
202892
209599
210745
206093
136987
211710
168816
210720
207825
211703
210635
211384
211015
211545
210617
211175
211186
211024
209916
209309
211379
207895
211004
211371
210899
210892
204245
209128
210496
210501
207131
210620
210324
196437
209617
210609
200334
205400
203418
210357
208201
209154
210490
193259
205876
209450
209753
209905
206092
210338
207892
209910
210156
201699
208863
210064
208511
210054
209464
205930
210047
201549
156157
208718
209119
176784
209456
201042
205938
209126
209451
209304
194649
208927
208512
199834
207561
209303
182895
208449
209106
202121
206707
208842
208898
201040
208190
208845
208853
208501
208724
207897
204693
207733
203035
207731
169808
203888
208194
208051
207118
208168
207250
207141
206850
207889
207564
206603
207268
201526
156782
192281
201379
207119
207258
204651
207120
207036
206719
206864
206861
204065
206279
200187
206285
198356
192101
206106
205397
197505
206283
204238
204215
202397
202028
203024
204646
205709
205557
203556
204430
205593
205782
204422
204506
204015
205621
205676
204427
203938
203909
203690
203069
204396
204235
204224
204229
204090
204119
203942
203576
203709
203680
203666
203404
203044
202745
202885
203204
203019
203026
203191
202947
195931
202891
202883
202398
202582
202770
202762
202254
201368
201991
202236
202115
202030
201363
202038
201232
201360
201236
201847
201858
201235
201676
201726
189830
201399
201673
201675
201672
198839
201495
200916
201505
201527
197454
201396
201500
199640
175664
200312
200802
201355
199488
196423
201352
201021
198270
200777
201205
201038
200133
201032
131089
201017
201030
200645
201019
201013
200919
200751
200979
200888
200478
200812
200885
193296
200524
200887
192132
200631
191888
200755
200639
197212
192981
200480
200500
200286
200144
200518
200516
200483
198910
195619
200471
200495
197756
200473
191201
200289
200290
200301
200302
199982
200143
199751
199997
198994
199862
198345
199831
199839
196748
198031
137793
199537
199363
199714
199791
199712
199702
198709
199358
199028
198479
199687
199009
199514
198917
144577
199021
199503
199381
198486
199360
198594
144115
199225
197241
198909
199034
191629
198998
121002
147101
198843
198056
193287
198774
197585
198481
198054
198624
198076
198761
198604
191404
194695
198172
198504
198239
193463
198434
112287
192829
198231
195970
198212
198070
197929
189748
198059
197451
197765
197261
190942
197742
194727
197747
192801
197589
197245
197269
196448
196745
197586
183321
188027
197225
191687
197228
197068
195122
189397
196767
196894
196897
196895
196608
192585
196419
172998
193882
196272
195961
191645
195785
196105
193674
196186
192430
196257
195083
193913
192115
195951
195335
195627
195623
195507
191925
195873
184369
189382
191696
191019
194843
195217
195622
195635
195613
195485
191996
195607
191880
192349
193640
193637
194163
195336
192344
194161
192362
190058
195201
194371
169566
191891
194785
193653
171501
190981
189607
194549
193677
193263
193895
193245
190931
193855
193875
191421
193886
193828
193285
192796
193675
193467
193646
193266
192119
193465
193231
193249
191944
190957
192792
181704
192075
192955
192791
192699
189842
193079
192332
192382
193092
190579
192416
193080
193227
191140
192104
193055
190338
192799
193022
192910
191423
192593
190914
192797
191802
192789
192562
190939
192171
192355
191947
192347
191685
192083
191323
192109
191668
192074
191089
191884
191627
191805
191637
187445
189706
191644
191168
191430
191447
191005
190885
191410
191004
191199
191159
190157
182270
191155
191153
190266
191001
190984
191064
189585
190739
190959
190419
183888
190732
190424
190769
190554
189832
188610
190727
190723
188283
190207
190566
190274
190718
190148
190440
190141
184568
190421
189829
176101
132031
190092
190114
190127
190082
186516
189814
189812
189100
189848
189807
132645
189625
189751
189806
189393
189622
189813
189590
189592
188336
189534
189598
189597
189575
186940
189586
189573
189108
189591
156318
189358
189374
188837
188204
180827
188835
186947
188829
188503
189351
189363
189080
188584
182664
176467
183591
189078
188607
188572
188843
188226
130686
188537
188803
186805
188619
188219
188252
187639
187775
188224
188596
188578
181365
188052
188533
188502
188235
188544
187761
148405
167080
176582
188058
184356
188022
188197
183681
182050
188029
176099
187763
188038
193580
187201
187444
187516
187727
186861
187470
187464
187481
187449
187213
172090
187178
178740
186756
186785
186965
187162
168839
186928
186863
186913
186926
183124
186659
186742
186732
186502
177091
185898
184790
176436
185931
161017
184762
185902
185280
183895
179913
186093
182680
185441
184569
185905
180123
161901
176114
180835
183554
165188
184813
183585
183809
184377
183704
183733
184371
183217
179743
184563
183918
183712
182682
184411
183567
180405
182053
183562
179664
180899
184152
183713
173221
184161
179395
183910
182305
181749
183897
183900
180611
183919
183902
182670
183579
183551
144378
183707
182677
182687
183541
178682
182000
183146
173612
182880
179661
176299
182503
180709
183546
182326
183346
182061
183162
182678
183336
178519
183308
180366
181750
183307
181909
183104
179882
183118
180645
182659
183099
182933
182740
182519
182296
182656
182834
182873
175803
182752
182676
182695
182062
181361
182661
182504
182076
182673
179898
182486
180130
181113
182473
182284
176161
180873
180814
178947
180879
181880
181706
181570
180846
181888
180426
179674
182048
177439
181355
176963
181575
180864
179133
181569
180439
176557
181678
180842
179888
180089
180856
148626
177327
180654
181121
181103
179737
181153
181130
174234
179629
178488
180838
180689
180431
180630
180189
180617
180608
180414
175894
180118
179676
180402
180401
180408
180249
180190
178476
180114
174202
178191
179622
174872
179431
172420
179423
176874
179938
179931
177694
179688
179262
179899
179687
159514
179880
177483
176457
177864
179636
177504
179230
175954
177693
178936
178489
178465
178342
178710
177498
150151
168837
177691
177704
176107
178179
178164
178404
177690
177296
172604
152443
176979
177996
178166
176579
172819
176675
176800
177870
171979
177720
177722
176141
131577
173601
176450
177108
177472
176794
176674
123876
177274
172431
175785
177260
176676
171780
140321
175791
176798
176875
175233
176786
169520
173836
176681
173633
176569
175766
175788
169677
169675
170763
176338
176334
172643
173389
172476
175585
174973
147977
166015
176146
175406
176140
175637
149945
175790
175587
175776
173037
174456
172606
172622
172817
173236
175287
160517
173582
171533
132508
173606
173382
172273
173224
173223
172097
161579
156311
171640
167511
172618
119580
165677
125052
172092
171369
168131
171514
169829
169524
169030
169393
167389
169058
169051
169025
168912
168381
168808
168170
168042
168639
168148
168629
165624
168383
161429
168305
168318
168130
168310
166946
167267
168312
168373
168026
168304
168172
164601
168317
168320
167688
168177
168003
166443
167527
160954
166729
167988
167812
163013
167802
166734
167395
167384
167777
167779
167210
167545
167542
164074
167051
166167
167386
146534
166931
166307
164563
166919
164426
166758
163911
149617
153405
166732
166308
142387
166315
164764
166029
166162
165897
166001
164758
165657
159445
156912
163904
165594
164445
164273
165278
160537
164459
163749
163018
164586
161194
161222
161223
164568
164606
164599
164436
164430
164591
162845
161180
161219
163919
164072
164070
163770
162174
163636
163310
163744
117166
160144
159076
163271
163301
163732
161009
137832
160641
157592
162167
161186
162344
162840
162836
162841
162830
161692
162713
162165
162029
158262
156450
162157
162365
162340
161912
162281
162181
160429
161826
154000
161178
161669
161899
161513
161191
161383
161385
161501
160430
160650
161174
157681
146352
151575
160803
160804
160796
157418
157720
160184
160276
160193
160178
160176
158947
156636
159247
159380
156497
159244
159033
157259
158935
155778
155943
146208
158710
158494
158662
154304
155551
156324
158256
158255
158102
156322
157948
156331
157722
155765
155958
157744
155940
152948
157135
157453
157264
157263
157262
157256
156969
155509
156923
155513
153896
156658
156642
156632
156462
156317
156469
156335
156338
156180
156166
156159
156084
152542
155799
155928
155929
155786
155660
153488
153856
155784
155767
155496
155766
155473
155637
155751
155748
155493
155646
151361
155632
155478
155262
141941
155365
155351
155178
155177
132097
155007
154988
154423
154975
118775
154827
154828
154832
154835
154814
146517
146967
152554
154488
148771
154805
154697
154803
152287
152560
152494
154178
153046
119817
152828
151535
153853
152665
151788
153507
154325
153244
153377
153374
153506
153823
152898
154328
146976
153389
153517
153225
116355
153378
153233
154001
154093
153882
154007
153842
152298
191597
152303
153732
151959
153402
153523
153541
153537
153712
153514
153412
153404
153387
153040
153391
153382
151960
152834
116180
152814
153038
153214
152830
152929
153026
121383
113139
152686
152430
144199
152694
152712
152678
152412
147669
142787
152438
152300
151694
151552
149251
132401
151658
151185
151697
151541
144169
151793
151794
151261
150776
151381
149922
135205
151202
149615
150944
150347
145520
150601
146867
148743
150899
150170
150603
148613
147700
148116
124250
148594
148365
149783
148912
147558
149613
148610
149288
132096
148181
148588
148392
148951
148761
148755
146790
148611
148724
147682
147253
148747
147276
148515
148751
148621
148525
148503
148499
145691
147861
147834
148333
144585
148194
148002
147995
147993
147972
143861
147833
145161
147852
148009
147819
147652
147809
147639
147687
147547
147542
147566
144613
147676
147407
147604
147579
147633
147643
147625
147403
147339
147230
147263
147218
147222
146508
139107
146709
147013
147020
145705
146256
146548
144611
146771
146796
146752
146723
146761
146755
146526
146550
143510
146481
146369
146210
143889
145965
146386
146371
146079
145925
145729
146159
140767
132515
145716
145970
145991
145992
145698
146088
145741
145942
145962
145749
145478
144590
145909
145848
145724
145021
145491
145481
136536
145679
144402
145462
144844
145482
145465
145287
145303
129580
145144
144403
145274
145263
145216
144077
143173
145022
141202
144179
141227
140542
144825
144167
124380
136538
144511
143099
144519
144489
142430
136941
139420
132652
133721
136818
144153
142930
142928
144106
143126
143898
143890
143671
134013
142893
142137
143689
143104
143659
142104
135252
143068
142800
110681
142462
142757
142939
132914
136973
141959
142902
142859
140620
142689
142673
142694
141255
142432
142798
143105
142691
142624
140969
142091
141969
130946
142403
134662
142129
142675
137359
142376
142404
137176
142401
142382
138562
142144
132943
142132
141214
136261
141961
141951
128317
141979
135444
131622
141706
141950
141186
136564
141709
139383
139352
141064
140974
140805
139365
137378
141248
141488
141486
141482
136571
130494
140751
134665
136230
139110
140754
139391
140860
140746
136740
139263
137165
140976
140705
129792
140985
140972
140963
131928
132644
132622
140538
139340
140534
140395
138175
139648
139409
139346
139388
136820
139355
135207
139343
138828
139114
139125
137817
138732
136041
138838
138733
137142
132618
138556
137415
131628
138552
132942
138294
136833
129569
137917
136815
132937
134479
134988
131465
132805
136939
137896
136966
137464
137116
136807
137130
137149
136270
136045
136256
137444
136770
132837
135192
136801
136823
136141
132966
124501
136893
136821
134660
131250
136279
136553
136522
136402
135790
136074
136246
136296
131649
136241
135821
135825
136067
136027
135848
135265
134444
135840
135497
135465
134488
135462
135778
134632
131011
135490
135474
134948
135254
135439
134949
134954
134485
134944
134445
134671
133999
132786
134464
134651
134040
134216
134465
134229
133780
131008
102511
130094
122419
134032
134057
130492
133776
130511
130068
133446
132506
128674
133090
133180
133096
131835
132630
127005
132519
130088
132621
122254
132104
132511
132504
130070
130091
128473
119792
128495
132103
124067
132064
132084
129561
130274
130495
126109
129544
131639
121695
131484
124059
128359
124742
131255
131243
131186
131245
130262
131258
131152
116706
114999
129547
124598
130688
129700
127070
129886
104760
130276
128582
128155
128590
130080
124096
129900
128928
129734
129424
125060
117148
125963
129144
120918
123726
117149
124839
128754
128586
128158
126953
128380
126288
123404
128334
126428
106425
127354
126422
128166
128150
126632
124450
125084
123368
124620
125678
124599
124193
124597
126390
124777
124610
124985
126677
123915
124629
124776
124761
123966
124600
124444
124570
124458
124336
124260
124251
124430
110178
124066
124238
123722
123840
123705
123036
123939
123723
123736
123701
123727
123734
122722
123708
123559
123568
123576
122850
123038
123523
123219
123388
123545
123035
123550
123540
123406
123044
123207
122854
122656
123174
123042
122412
123034
122941
122869
122687
122480
122561
122365
122577
122584
122177
122702
120975
122666
122581
122423
122300
122212
122110
121287
122045
122306
122003
122289
122221
121273
122165
122173
122117
122283
121954
122068
112218
122203
122195
122077
122105
119566
121871
121956
121864
102436
121988
122040
121852
121109
121111
121974
121873
121524
121019
121269
109350
121815
121170
121174
121682
121687
104592
121352
121166
104986
119804
121527
121399
117644
120958
121498
121370
121418
117981
120337
120061
121032
121348
120300
120503
117450
121323
118389
120345
120072
119127
120922
120919
121003
114721
120317
103291
120293
120433
120036
120519
120291
120316
120215
120216
120448
119343
120315
120311
120218
120062
120068
119754
119357
119331
118780
118757
118557
119220
114903
119807
119398
118644
109573
118784
119550
110620
118487
119225
119216
118998
110566
119219
119124
117291
118768
118750
119132
118592
113938
116377
117815
118588
118738
117453
117381
118351
117415
116829
117615
118748
118573
118352
109641
118003
117645
117651
117977
117872
114905
115938
117839
117620
116773
116358
117823
116538
117833
115167
117695
117818
117444
116786
117597
117730
117676
117429
117679
117648
117608
117650
117642
117005
117274
117511
117445
116987
117455
117479
117380
117476
117260
116184
116571
117436
116758
117033
116994
116556
116593
116200
116744
117256
116416
116602
116562
116362
115023
116648
111644
116564
116609
116164
116404
116424
115960
115606
116418
116379
115442
115769
115777
116161
115940
115739
115742
115736
110814
114460
115418
115417
115424
115270
115129
109455
109031
114886
114882
114470
101655
113047
113730
119720
113055
113210
108975
113496
113329
113320
113058
111302
107961
112279
112299
106437
109718
109113
110682
108804
109699
109981
103982
109356
109324
106269
109473
109574
109572
106141
109020
107189
106563
108822
107979
108233
108231
107816
102975
107692
106987
102131
107695
107693
107185
107170
106989
106287
105120
106272
103447
104182
104627
105305
104339
104757
105271
105277
105129
106250
104239
104616
104630
104248
104599
103106
104578
104204
104397
104450
100964
103963
104197
104180
100999
103613
103453
101751
103449
103292
103135
101187
103134
103129
102966
102455
102516
102623
101806
101856
101409
102498
101810
101685
101372
101361
101821
101838
101827
101039
