384108
385394
423588
420238
405216
413943
423495
236006
424252
423892
423725
423040
413096
423768
423718
423748
420972
412479
416746
417399
369884
410049
422533
418859
397872
420951
395161
409834
398381
421764
421725
418254
415522
419710
418910
396296
420835
411017
417929
411750
420126
418275
371027
420035
419435
302536
418683
418715
412285
416099
372956
398684
417947
168226
414297
345372
411577
413590
331690
384354
389129
417201
408763
416773
416995
416902
377981
413427
413399
403760
395084
400048
414912
387951
407536
413167
406003
399401
414999
413431
408920
414741
411027
414254
407749
413690
413685
413688
409423
413649
413628
408348
407084
413624
400042
413689
413686
412927
413278
411967
413529
413149
393703
394013
389624
410828
412869
411468
411465
410528
193034
385128
406275
404312
403331
410068
409274
405562
407199
406723
407505
406706
406903
404016
407288
406640
396418
358018
407583
381765
406705
407289
406918
406440
404013
387475
406090
406480
406471
406284
406436
406109
379212
371510
382839
338450
405471
405410
330135
395839
405456
372466
373814
391481
391780
398509
404596
402915
403461
402912
403235
403433
403234
403249
391186
402781
402759
402765
402766
311692
402530
398309
394499
401611
375221
398866
400829
209190
401031
401199
400276
400368
321155
395645
193486
186366
163711
398421
341923
384560
385592
397920
384056
398631
399458
289181
400265
2369
398297
397677
395890
398399
387728
399831
399396
334571
397834
398455
394402
398674
398409
398776
389251
398217
370590
383815
395194
397612
396909
396796
337636
395426
389063
395913
394764
395126
395123
379495
394157
381886
393999
393966
376254
387367
376821
378535
344220
391868
377884
381585
357786
383497
393398
389018
393327
388974
392066
391626
357939
389863
388966
392602
384814
389257
386022
391866
391138
389941
390924
280825
389335
389901
329720
385795
388955
388931
388866
388481
385379
384068
387247
378440
310716
346624
385267
386173
375826
387140
385748
383269
386561
386663
378457
383684
376384
381470
379693
385046
386070
379590
378684
385414
362522
353628
384303
364529
378959
381219
379128
380654
380676
379818
379977
380322
375762
379791
374444
379717
378616
379573
379299
375741
374121
378992
378921
377854
378731
378504
377963
378330
378114
378332
378109
378138
378034
378029
359117
306623
377150
376102
377837
375771
376441
377769
377798
377751
376332
377559
374553
352380
348720
376269
377031
356209
355763
374483
376155
376253
364950
376329
376374
374058
370119
374795
242144
375651
374952
374597
375264
375282
375271
375223
375219
375066
320851
361472
374700
374534
374326
362201
371546
372614
374289
374227
374021
374001
373961
354783
348398
361275
370248
361177
373148
365759
372873
372844
367314
348537
371289
361672
350230
371115
369973
355059
372077
372240
372226
372078
372152
371817
371233
371611
371894
371415
371816
371100
319255
371424
365753
371416
371087
370808
224566
371079
370382
369560
370748
370471
370632
344580
369730
370026
369831
370448
370337
370214
370219
365597
366174
370130
369790
369866
367486
369434
368494
365181
357921
369229
349423
369006
368994
365975
368975
368968
367159
366339
368751
366246
368281
366108
365773
367963
358739
362208
362118
361121
366610
366599
366906
366855
366985
366834
366449
366619
366214
365470
358672
365538
365537
365483
320673
361561
365230
365205
364073
363961
365018
363053
364402
349104
364865
364757
359838
364039
363856
364352
364192
364029
362421
359079
356639
358020
348461
360159
363340
351230
362345
361460
360513
363050
362932
362708
362501
362582
356116
362310
362229
361851
317126
357292
360685
361673
361290
262664
361415
359438
311192
361127
297681
358788
359887
231555
359900
360160
360232
357853
351358
19485
205731
357859
359131
358978
334093
344832
358757
358204
358439
357906
357875
358315
358578
358566
357856
340875
357251
357255
357136
357554
357538
357295
357135
357688
357521
331662
349331
356840
356636
356307
355101
356605
355228
355964
344727
349993
356124
354967
354418
354890
355056
355210
355118
354739
353587
351212
351752
350596
349224
352905
354151
353342
353001
353240
353233
353229
351835
352508
352462
345094
352135
352076
350089
351720
349721
349035
350090
348363
349085
348456
350067
348445
203950
349325
350082
350264
258682
349135
349118
348798
345745
328971
348609
348215
347983
347857
347940
347779
347471
347491
347837
346390
336061
346148
345736
347205
329457
346073
346839
345127
347119
332246
347025
347014
346978
346753
344654
321294
339982
344704
336862
345468
340565
329562
320968
345735
317201
342917
339350
344827
340873
341933
344690
191834
344114
344266
344297
344173
344044
337482
343907
343721
343261
343536
343141
343634
343517
298961
231510
168745
343524
337240
343442
298952
343445
342929
343406
343295
343305
335733
178534
89824
343033
343003
342998
341903
342685
314937
342610
342849
317912
153280
307545
341702
275910
340368
126429
341793
140425
341327
88788
341219
231502
341273
308095
341227
335889
334470
337380
312540
340465
341118
340268
130854
340342
340656
340508
297375
339675
339713
339994
339227
339877
339787
339702
339737
339731
339728
338584
339573
339481
339347
339362
339142
333081
338735
335308
327396
338559
338816
320283
335960
338707
338444
338280
338267
72556
267424
338124
338083
324258
337488
337343
337239
332562
320171
325632
337231
337207
335543
337141
337127
313899
337002
336996
336985
336856
336824
336684
319004
326175
335444
325743
336682
140101
330662
326081
336378
331258
272153
334257
129309
336118
336225
336139
335704
125651
313430
335514
335599
317102
329754
335877
310475
188700
335608
55295
335525
334859
334236
309447
303889
330944
334577
334644
334524
334559
334387
334373
331582
300472
333970
328496
330834
325931
333968
323531
331010
333764
326340
324078
324663
333765
333699
333689
320795
333400
329079
333584
208626
332577
333589
331621
333577
333489
332035
332305
332443
332461
332140
332458
333101
332930
325852
320788
323444
293159
332482
268402
97787
331335
332038
332063
326406
331720
331714
331668
331685
331546
331259
331349
331341
331228
331062
331126
331123
319139
331049
331038
331007
330962
330931
330864
330803
330706
330699
293459
330692
330668
330667
330467
330570
330558
330254
330553
328599
330389
319773
330114
326085
330112
330142
330273
329871
330118
329486
310665
308081
245670
329950
329930
329918
227087
299295
300372
329835
323393
323489
328763
323713
279781
244011
323528
305200
297370
323708
320989
329586
329580
329581
329543
329482
306576
329454
329451
329445
323243
329391
329358
329310
328172
329289
329285
328629
326184
328962
327355
327926
328963
328944
329186
329184
328946
329123
328708
328814
328876
328875
328726
328720
328805
325834
328709
328648
325390
328388
328385
328367
328296
328339
328261
328253
323389
327980
327964
327935
327933
327925
327807
326699
327825
327820
327583
327788
327765
327192
327577
310612
327585
327592
326312
327522
276185
201696
327154
267173
262032
327033
327044
327026
326924
326087
326177
313328
322401
326521
314623
70140
318751
326314
326300
326161
325722
321217
325939
322000
320020
325791
325837
325836
325771
325627
324730
325347
325148
324230
324971
324841
323046
324866
324849
324839
323641
323832
323521
320857
322923
322901
322827
322563
322530
322415
322403
322368
322356
322276
322259
322226
322232
322228
321995
320671
319199
322009
321757
321755
321752
321746
230082
312959
320268
321116
320735
320657
320887
321004
320236
320271
320918
320813
320831
320617
320790
320344
320791
320814
320285
318848
318856
320243
318211
320163
315282
320447
320338
320573
320249
319847
318181
320492
284324
320015
320158
316008
317470
304584
320235
320400
320347
313761
320162
320142
319800
318944
319961
320100
320008
317602
319976
319997
319846
319901
319877
316914
319848
319600
319804
318821
319176
319732
309489
319583
318857
319509
319319
304863
319392
318713
319382
318711
319043
319050
319300
319127
311854
319261
319173
319169
319163
319161
319115
319061
318498
316950
319011
319022
318872
318645
319010
318943
318930
317914
318903
292212
318633
318166
318497
318457
318432
318363
318353
279748
318316
318295
317998
304440
317180
309516
317595
314091
284357
317880
304448
317954
315332
317485
317803
277463
317423
317417
317702
317405
317073
317614
317250
317429
313697
317312
317121
317071
317037
317027
316896
316792
316363
316752
316749
316614
316246
316600
316590
316298
316558
316482
316348
316279
316195
312925
312924
316061
316009
310199
315907
315401
315381
315698
315586
315497
315495
315481
315468
308593
315132
314102
279658
315281
315203
315196
314896
315125
315089
314761
314845
314847
314685
314538
314641
314341
314475
314320
310266
312077
314317
314302
280076
314271
300545
313106
298770
312343
313432
311853
312888
310446
313211
313428
313407
313066
313382
122341
312941
310342
312821
312818
305739
16552
297303
312686
310878
310671
312438
311778
310494
312614
311515
297402
312454
312421
312333
312259
302694
311584
311194
306736
312095
284558
309716
312063
310444
311722
311721
311719
311619
308646
311421
311538
310601
310499
311077
311396
311390
311371
310313
311360
311043
310908
308667
310853
310843
310650
310685
310394
310408
262906
292549
287536
305703
285529
139986
309308
310303
307129
310196
309273
309271
310146
309996
309997
302441
303691
309734
261031
213448
309851
292427
302277
309821
309837
302132
307405
208910
274198
309698
299760
309665
309563
305571
309253
293841
212894
301196
304716
160242
148993
203640
301820
309103
61038
309041
194988
286716
297256
293466
304046
293448
294117
273436
307858
286830
308975
305585
308894
300226
303094
297184
308675
308577
308671
308656
308544
308592
308629
308584
308583
308492
308394
308382
304239
308220
308212
307427
294750
305707
307923
307901
307747
307485
307730
307570
307577
307163
307158
307398
307389
307193
307134
307128
307122
307074
306738
306898
306883
306938
306896
306821
306740
306744
306719
306700
296456
306545
306551
271956
306366
306251
306231
306229
306204
305542
306185
305807
306052
306045
305918
305796
305852
287319
304393
302791
305375
305800
305792
294739
305715
305579
305415
305389
292787
305283
305192
280964
305114
130182
305156
305161
305036
304997
305032
305004
270008
287139
304751
304929
304926
304870
292813
304199
304683
297731
304645
304739
272997
304586
304501
304571
301841
300046
304420
304424
304250
304211
301129
299536
301131
300855
304074
279599
304077
303951
303964
295981
303905
303896
303841
303831
303801
303795
301144
303682
303625
303614
303579
303575
303344
303549
303544
303536
303491
297356
288358
231150
300539
303322
303290
303328
301573
303305
303218
300468
302845
278352
299731
239421
299585
303014
302297
230903
299529
300664
296800
299212
296738
284447
264194
302550
300223
302152
299031
302404
301972
225036
297054
301717
300758
301976
301895
300502
300846
301133
122772
161693
301583
301193
300862
243742
301362
300173
301101
300899
298835
295250
4922
299152
291069
288624
296466
296691
300032
299335
296728
295803
299438
298747
296748
94796
300012
299990
299685
299588
299680
280665
299624
299083
299410
299554
299435
299340
299331
299326
299325
299324
299322
298851
299304
299272
299255
299249
299246
299210
299209
299208
299207
299172
299166
296253
199923
298900
298850
298857
298848
298748
298415
255629
297728
271530
158642
298130
243381
259955
297486
296159
297608
297400
297459
297440
296565
296646
229340
296822
296796
296695
284265
293658
295386
296473
294462
296364
296356
295391
292322
126705
296056
253232
294790
292091
294210
270092
294796
293512
257185
294303
283898
60574
58474
295880
295611
293130
286107
295277
159176
294992
294777
294738
292247
289409
294307
294497
294493
294046
294096
288767
293787
293600
289988
293357
293346
293310
293303
292672
293199
190288
288766
250604
292901
193600
292762
292759
280799
291755
259048
290964
277886
165180
256651
288804
284330
262022
279553
292170
287454
276164
199127
290834
282653
275477
282535
274262
281145
259357
288769
291934
288770
290450
201650
211664
64830
290909
245457
289599
283551
174481
249915
282779
170731
283120
283555
66889
266545
286542
279263
289090
287103
271501
279939
86248
275018
231619
288154
89606
288394
288388
272474
288364
288352
258493
280656
269844
286013
278965
276371
287621
275867
287471
278064
275039
269869
284650
286867
283283
286949
286678
284319
224546
276324
283676
281744
184345
284750
284675
284604
284622
283887
284349
284340
284201
284213
284180
284138
284164
283536
283896
283194
283876
283631
283790
283340
283215
283216
283649
282898
283457
283615
283359
282874
283443
283442
262016
280608
283178
283173
282947
282900
282890
282875
282733
279452
282717
282319
282276
282049
281897
281890
281888
282016
282008
281752
281659
281236
276202
281174
281126
281148
281040
280938
280846
280632
280087
280823
264256
280695
280499
280049
280000
279849
279641
279269
278550
279123
278829
275743
278514
278659
278479
278375
278369
277966
278091
278243
270797
278065
277873
277676
74337
277513
276869
277213
277230
275932
276520
276525
274132
248908
264804
272307
275929
275627
275197
275691
275298
275678
275170
270795
262636
273828
275171
268533
271744
275509
274618
130043
270465
260061
272528
116284
271339
231505
102885
265157
237124
269210
264152
99493
255703
275075
267425
274486
181836
274862
271326
273738
274699
236628
270822
270457
246131
273489
274075
270769
273697
273706
274236
269020
244284
249502
224341
154730
261622
267791
273752
273667
257167
270952
272763
239518
219536
196691
155008
268819
269264
258253
249851
211433
202057
255576
258177
222556
241877
248943
230449
273147
223843
273330
255422
272583
190838
267934
267834
273163
194917
273012
89256
266097
272913
268816
270174
265422
218302
250125
252887
266970
262173
263090
272165
112337
272065
199499
271834
271830
271823
271799
271683
199364
139528
270989
68684
270774
260417
270146
267359
268955
230360
263690
270120
267408
269711
269466
266367
269312
212696
269027
269058
269025
268829
267977
257919
267748
267722
218884
260664
248103
262666
267469
267495
213645
267560
198971
218127
267117
251575
218673
264650
264039
259952
232777
258679
213848
256656
267242
266018
183602
71387
276326
266894
266677
244354
265381
150626
221977
265813
243165
266862
255793
267080
162102
266295
267021
266146
186025
255849
266958
266177
266485
265425
264030
262615
255136
168682
134526
241208
264818
266769
266345
266699
57762
266659
263845
266391
265721
265164
266204
226746
264845
266028
263855
264278
265204
265268
265739
265878
265856
265159
259954
259557
255172
265754
265647
239945
242388
265374
265440
260892
265214
264899
264796
264574
264777
263781
264519
264094
254984
258016
262703
264317
211933
243824
162986
257855
143430
264216
203154
190610
238157
194209
256934
264065
219930
264014
263984
263927
263898
211003
263819
263878
263856
263852
240574
185569
261865
263544
255734
263413
135971
263207
261506
262877
252561
262962
262935
262606
262707
256844
262619
262706
262380
261861
262392
262364
258860
249441
247758
125437
248343
241827
261018
262222
261852
262101
189490
252290
256422
256889
258736
188380
248752
258934
256764
238299
259536
258352
261752
261827
255076
250807
257094
260904
261398
259553
228110
231627
259821
254550
243270
259219
258810
240159
256561
220557
260937
261164
204837
247294
250198
261147
260572
261037
213139
260649
259179
24521
257820
257956
254936
259477
211350
231327
255229
248516
258153
258832
258833
258826
100799
258794
250794
238738
257752
257790
257723
257324
257531
256556
243758
248733
247806
257179
256801
141690
49316
249442
238397
2035
250651
256830
182714
175069
181308
242208
249647
256716
245155
229782
256516
119085
254492
242819
242821
242789
255773
254673
74298
254547
232076
198941
56368
255314
250664
189752
251517
128684
250133
250136
253773
253239
192633
252904
243612
252940
251280
230394
182122
240344
252497
252219
252487
248392
238452
252105
246462
234345
243347
242225
180392
97786
252117
247731
134190
201391
251997
251996
251995
236795
246105
241849
251001
219901
251193
251257
38789
251444
247720
251568
217761
247818
230349
84107
244047
247945
43573
244145
242832
249281
249514
249378
249574
249435
218137
249272
247933
247651
246612
247440
246959
246373
40632
246209
245761
246384
246383
246382
246381
245710
245437
242788
200316
236612
242466
161095
189529
217801
220559
238162
243209
208804
242900
215941
238909
242017
235195
236605
240009
242765
242760
242446
242427
242421
242411
242409
208160
242583
241209
241384
233313
240381
228658
241277
235354
240135
240363
237273
219946
226867
239523
239300
239260
237163
236666
239015
237884
210491
137478
236324
236083
235819
235613
235845
228956
235179
232196
218249
234372
232489
232036
223976
227721
234228
232997
232048
233285
232541
232851
225425
229789
199179
231163
197113
229983
157506
230365
228880
231358
189588
230351
231016
231341
226342
231636
231182
229668
231103
231307
231175
227317
139214
227982
214271
231002
224921
207350
210083
230472
231119
230970
230179
227107
224357
228616
228717
227983
230879
228017
230420
228890
230218
228197
94825
229684
225754
229864
229807
229719
229779
229440
229473
229623
229351
229386
229180
169997
185216
188674
229084
229240
229127
223405
224997
228760
208934
202297
225190
219635
197787
228786
228204
227336
170161
228863
155273
228475
228006
227973
222750
227868
228120
223056
226217
198283
204489
216483
214560
219184
227617
223880
224682
227661
224951
218054
221914
186022
226277
223299
227023
226718
90959
223188
226930
168524
219913
226124
206619
200376
202170
226305
136337
127308
145557
202187
206178
206179
218540
221662
225331
225966
225051
224861
56313
224674
224673
99602
9262
188652
222558
224887
109290
223108
223182
223116
223962
223995
224568
224571
224451
224428
224335
223846
223790
223808
216860
222391
223886
222627
219273
223732
223481
219874
223653
223649
191254
220767
223313
136244
223375
131516
223339
218967
209699
218053
222861
223246
223074
213504
220696
220697
218467
221222
214392
210376
157445
76351
214919
218882
218360
222397
221649
222375
217985
222411
220662
221521
222153
221768
215543
221860
221493
220694
133495
220766
84225
221528
220523
221416
221337
162140
220546
220456
220368
220843
212177
210568
220473
208392
220663
208103
172087
187762
220582
220564
220423
219386
191684
199734
219958
219909
219892
73979
219081
209509
219753
168301
201906
216706
198089
219606
206401
208830
219483
219361
56483
189953
218903
218553
218804
164695
44162
217777
217294
216904
211977
182176
217922
189167
218365
217848
217671
204857
212292
199278
210862
149890
197922
217422
204905
184602
199114
202639
187796
215069
210752
217200
215734
216811
217096
217217
184908
216667
216212
211926
213181
216146
215985
138359
176986
215945
120691
195137
208335
58419
213168
213479
215365
214443
215159
214762
214763
215244
168757
215004
205332
214502
214492
214813
214649
214697
214680
212479
214648
214621
214355
191503
214396
214137
118516
214223
213486
213474
213451
213165
213117
213166
212408
186800
213014
213040
212901
212913
212821
212663
212733
212728
191673
212305
212235
58777
204788
201293
212038
211646
208456
212008
212002
211786
100688
193814
152021
210101
202474
211647
208602
156456
19229
205282
208462
207838
146623
211493
203595
211610
184074
36446
102616
79581
210946
211179
211212
211122
210934
209023
209239
209240
209558
191662
156792
207844
151158
180746
205053
210424
209836
209484
210115
210448
208052
210124
209879
209786
151688
209667
209000
207846
208987
208055
205209
74163
208791
72327
207940
208478
208101
208390
208098
208092
208389
207570
192051
207829
208099
204683
193832
207619
65731
204754
106059
198603
198101
207604
207601
207188
207366
110087
108493
204842
207075
202893
206475
204458
198201
46164
202382
205070
206034
206754
89610
206489
204303
205864
205194
167191
183218
179789
173995
172734
172000
205541
157511
155436
151204
201664
205923
205869
192996
204581
194825
205792
205248
205286
205069
204577
204576
204574
204790
204304
205224
205222
203774
203974
205049
97676
91047
138078
204935
191735
204902
200424
204843
203838
192630
200762
139063
35358
204135
164939
203274
137898
137893
203632
203630
202779
202994
84702
182761
199769
147785
123205
203126
97901
201055
200558
202208
202316
83307
73872
27842
174345
200690
202663
202424
161044
184712
198906
200252
198904
198903
198880
139298
193571
201616
201640
83216
189999
191611
194760
191046
179374
124683
12116
196306
194221
192587
191511
188343
188178
143592
66219
196164
198519
198575
198562
196553
197475
196921
197770
95292
93373
196362
195152
195584
173655
185500
189636
186344
191147
190360
97229
93353
82937
184423
188448
187877
185892
185347
98467
180989
180248
177767
174228
165676
194587
161026
109389
135818
142802
107771
128529
123169
97667
96943
95882
128526
74549
121796
63075
182354
121797
29853
182505
172261
121789
121727
164662
73092
180701
189885
72489
140041
103747
85742
70370
193260
46197
191467
191250
191255
191321
172534
98242
182046
188911
190061
190538
190336
190256
189106
190006
189901
189896
189664
189521
186677
189161
189694
188808
187544
185386
176108
182509
188663
188941
178235
188386
185899
186370
188076
183143
188357
128927
188588
188593
182308
140799
188467
186801
187069
187632
185067
187890
175181
172485
185107
178284
187812
174378
187594
187497
153933
187189
187264
187200
182624
186727
187318
173049
154537
137442
186475
186762
187046
187007
187002
187026
186403
186768
186854
175817
186808
183650
185673
180302
174737
186526
186119
184818
186614
180004
152919
184000
183998
186211
179372
184012
186203
118028
185150
180758
186218
186178
185824
186053
184688
185841
178397
185551
180565
185663
185570
185736
174806
185475
184980
184087
184632
179364
173481
184914
185074
185068
185181
184877
184697
185055
179255
184783
160166
184855
184956
184072
184736
184777
184755
184817
184775
183448
184597
184669
135837
172735
181642
184604
178888
168435
183890
172614
125560
182568
181189
184465
183520
183596
164475
78666
182716
176399
151990
184090
175135
178684
184088
184034
183732
171132
172574
183013
178937
173248
178980
182490
183607
171319
183686
180363
168295
183599
173213
178363
138666
182898
180503
182402
183167
183036
182971
187255
182812
176525
183034
180205
180674
182926
182780
182651
180831
176373
169985
177449
182395
138021
153081
181991
166600
181756
181729
153888
182190
179580
180805
181950
181982
179584
98144
178367
181839
178917
179458
178906
179094
181613
181624
180415
172113
154398
179409
179408
175742
177405
180928
169637
181061
177438
132424
178989
180394
177434
157879
180466
179551
176764
175859
180293
171099
180245
174908
176282
179110
178399
176845
180177
180178
163281
179980
107599
176873
175085
179679
178189
137073
179461
177183
178297
178798
159198
179031
178791
178458
178331
178654
178956
178394
178523
178914
46469
173027
165838
178780
178192
178677
178712
178680
178667
178521
178439
176847
177517
178181
178240
178173
174213
178105
177862
177200
178083
175901
177806
174752
178077
174471
177736
177942
176882
177633
177905
177844
17256
177842
161425
173571
173902
177787
177755
82256
177489
176158
164796
174701
171522
153315
82541
136591
177448
176661
163345
177176
168888
174633
177328
177144
177264
177037
176604
175890
176043
172844
174355
175889
177116
175418
162630
172193
175098
174844
174580
176441
175524
175117
173052
166465
154100
176709
176182
167619
161312
176612
176499
176408
170071
176418
169591
175952
165172
175228
175596
175545
175192
175552
175236
175257
175314
175174
175041
175261
175097
175034
174272
172804
174888
173108
174423
171833
150379
174555
172765
171638
114569
174435
171586
174179
170177
173445
173442
173287
173250
172875
173133
171361
172917
173016
162192
172808
167858
88359
164343
169898
172814
172810
170525
172019
165368
167246
172655
140298
172548
172520
172486
150661
167129
171415
171786
133378
171027
150805
171998
172020
134740
147515
171746
171733
169023
171649
170884
167131
171262
171452
168432
170119
153975
170928
167325
171015
167134
169697
167323
170827
167692
169694
170668
107443
89834
169696
29633
169622
169571
170664
169185
169125
170194
170183
165714
167893
169879
166763
166972
94461
169778
140697
48939
169529
169543
166619
155650
169346
168901
165945
168806
118107
168709
168442
168720
167607
168433
167642
167486
165528
168153
168101
168057
167641
167668
167085
98536
167705
147530
167450
128142
167204
105041
154329
167231
167183
164757
167170
125327
164182
160959
166800
166346
166789
165691
166635
166706
118429
166712
166682
34528
166577
166500
166502
165135
166491
166478
166368
166383
166236
166052
164679
166107
164361
158316
165318
138651
163317
165908
164394
164365
165690
153993
76850
165542
164989
164878
164984
164678
164810
164621
137934
164529
164681
164639
164350
164504
164509
163357
164375
162964
140049
163274
164133
164268
164247
160000
163840
164217
162805
163105
149648
161906
163241
161848
163809
139324
77014
161025
156410
163474
163683
163589
163662
163245
162421
163461
162655
163096
143535
163360
148357
137879
162915
162916
162668
161805
162443
161303
160918
162425
162216
161902
161000
162095
161401
156883
161983
161897
161894
161254
161828
161433
161786
161738
161616
161464
161114
161263
156676
161037
159918
158778
156678
159600
159597
161086
157646
160543
160746
111887
160153
160700
160720
91449
160659
160545
159190
93611
157495
157604
159626
159940
159998
159930
159890
159538
158065
140644
16179
159625
159009
158658
159550
159539
159425
158876
158569
67133
94667
159205
158118
159159
158973
158791
158959
156674
156672
109528
158016
141435
137435
134856
152543
158687
158606
90170
157805
157981
158204
158020
157793
156775
150593
80116
157174
157985
104714
158130
157883
157799
157633
157566
157309
124338
156864
156865
36918
157072
156747
157080
156544
156537
151205
115789
142960
156686
155873
154234
155740
142299
155856
154714
154601
154467
155422
155575
142836
154104
66375
154410
154445
154523
153552
144294
154064
153943
145431
153803
153892
153503
142329
153832
153766
152170
68178
135709
153536
153103
153201
138006
73729
152966
151838
150597
153071
152785
151958
152586
152035
135055
151781
149643
138608
131330
73263
151239
151886
150998
68079
151778
144988
104839
150609
151442
151089
24928
149857
39003
144974
116614
149663
149311
50994
147848
120704
143757
148674
145035
148551
24143
88325
145378
147846
142785
92738
147737
144556
137946
147727
135559
135316
112045
137425
44861
139407
146435
147545
132947
137877
143474
147377
144522
142172
138190
147305
130915
131851
144527
139542
129755
146265
146750
145536
145931
144241
139254
142817
139769
140861
145594
144979
138138
126061
126874
144225
144207
144144
95659
92564
142498
142564
137091
142264
136724
141612
141191
141193
141192
138283
125138
137824
134727
140576
140160
139700
139511
133749
138823
138759
139385
139067
139176
139483
138785
138404
138824
138695
97565
138400
132550
138645
138378
137384
136763
138253
131105
137527
109361
137977
136981
100993
137767
130297
137849
137341
136475
137640
137784
132821
137410
137334
137375
127550
130340
137315
137564
136292
137356
136830
137227
110169
129841
137148
66292
137310
137199
42056
90273
113370
133416
136921
136855
136870
136450
124655
134648
135058
136373
134328
98265
136178
133536
133599
132798
133620
133615
135641
127519
132427
73612
136101
134238
26823
135586
129215
135284
135173
135648
134044
77336
133214
104496
43523
134750
127629
134879
135023
133867
123409
135088
108102
43581
134266
130338
122819
134588
134401
126155
115061
133896
133935
133533
133847
133058
129061
133375
133531
131771
133342
133059
111144
132996
127929
127451
95945
132763
132678
119904
119517
131517
129812
78722
128381
131022
132479
131978
132156
130638
132039
132217
132101
131853
132038
131000
131692
131397
131139
131476
131541
130325
129193
130825
130976
130605
131390
131398
126839
124061
129594
130745
130993
130631
128293
88098
128425
127039
125972
130378
130171
130248
128117
75206
90971
125234
129942
128953
129887
127289
129318
129246
127523
129377
128939
92601
127121
128644
129156
120173
116237
129214
129027
126658
97859
99904
122627
127320
128707
128316
128298
95507
128287
127394
128193
127140
128196
127505
127861
120150
127607
111631
127031
123653
122457
127171
127476
111959
126638
120590
120463
71701
126082
126465
120460
123316
127080
126414
123965
126654
126847
126779
126651
115996
126573
126754
126569
125011
122756
126527
102666
123800
126566
126578
126563
122749
125541
125600
123789
124200
126258
126404
126044
126233
113178
105928
85350
125526
125955
124883
29840
125202
32553
125567
125632
121544
125587
120408
125012
125418
125420
125516
125346
123375
125076
125323
125272
124564
125205
125200
125147
125155
124141
123989
90257
124953
119890
124673
124529
124124
123496
124376
124138
124342
120921
123392
124202
123758
123972
124162
123977
123761
123442
119054
120414
121949
123415
123323
122822
122029
123040
123319
122936
120925
122957
122982
121883
121709
122053
121562
121623
121939
67513
63420
85774
121411
121772
121731
84314
117965
120523
102150
120735
120710
120441
120074
120736
120656
120727
120567
119494
120695
120532
120117
59476
120168
114302
120101
89250
89773
109281
103299
107271
119599
110186
119615
118845
119076
119340
109321
110998
116306
119241
89664
114492
117925
117390
78222
85899
118674
117949
118647
101874
118094
118191
118414
117543
117519
117363
118163
117043
117899
117360
117539
117601
88577
117576
117554
117559
114813
114527
117526
117496
117314
112146
109702
114648
117192
117079
110387
108097
116685
91899
115694
116911
115630
116770
116673
113788
114565
116234
116061
115557
114591
115891
115681
115761
115731
115399
115575
115672
115205
115283
108033
62380
115304
114665
80644
72498
111839
109544
114962
114784
100916
114819
114615
80833
114514
72297
114637
114488
109977
114240
114773
114742
114598
114542
114541
114550
114390
114251
113911
110285
114089
104900
113575
108324
113821
113688
113557
113582
102893
113276
108162
113255
72374
113085
70597
105874
105351
71600
112136
112106
112490
104047
83711
112240
112247
11428
111429
11983
110076
111889
111802
111064
33550
111058
110728
111415
111244
108705
107377
20831
96284
109329
2389
109474
110331
107978
110354
109639
110243
109011
110150
109932
102776
99723
109439
87211
109393
77979
87683
109296
100816
106557
109138
108873
108496
95658
105185
108953
108107
108709
90825
102285
106704
108624
70576
82706
88345
96600
108143
108144
98621
108017
102485
76092
106959
107854
107765
97523
107038
66526
90646
107660
64874
68787
67375
97308
107471
102102
106532
106890
70321
107376
107369
82743
98800
101180
82502
101683
78777
76978
74099
96129
106884
105807
100908
97143
106574
98248
60462
106388
106363
106360
97882
106157
99864
76496
101065
105936
86159
105665
95815
7022
105776
105913
17826
105576
29398
105837
105809
105816
101215
105697
105648
61950
50323
101434
93674
88791
103379
100889
66616
69892
102911
71946
100156
76714
101569
101350
100737
101152
101248
81422
101138
100565
100822
100336
99440
97783
94497
100346
65775
100177
99840
88274
96463
98009
99070
98497
98432
95613
98683
99088
88905
99022
19079
94852
60912
98522
98118
96722
96229
94457
98325
98332
93371
95665
97691
96784
97325
87222
95931
97451
98012
89718
97337
97946
98107
97456
96821
96767
96872
92963
94381
96730
95357
94489
85948
96672
95217
96318
90935
96440
94410
94333
96114
96413
94814
96326
95844
95974
94459
94400
65657
71640
96087
95888
94674
95612
79401
95915
95879
39435
94391
95222
94762
94537
81365
91966
95744
95574
90389
95548
85308
93549
94349
95464
94741
2345
85789
84234
90552
95439
94879
79855
94402
94438
94171
46669
89589
94636
94915
95100
95046
3970
94292
94456
94540
94683
94926
94355
94192
94047
81229
94129
94131
93998
25387
94060
93030
94007
75130
92988
93993
88629
92785
86362
88919
93245
93840
93907
93636
70088
93355
93796
93263
93262
93720
93718
93414
93516
80570
93658
92835
93635
59037
73722
93193
93077
93352
93360
78179
78225
2175
93238
81675
93258
93236
85147
77372
67467
93192
92203
93175
93176
93178
92433
48784
85146
92871
92777
90415
92851
93118
93116
92764
92148
92974
85587
88998
92814
92707
82988
69667
84056
81460
79123
62097
91764
53333
88031
63251
66436
92291
69430
81934
75945
89596
11407
90579
77787
86628
92161
92019
92171
92137
92016
91994
89900
92000
91956
88867
89910
81444
91781
90357
82914
91747
91462
91384
89637
91387
81076
90073
91137
90521
90651
90508
89406
89034
90698
88926
66497
88653
58930
89019
88552
67478
89550
78460
78860
89393
19336
89374
89109
89959
84499
89707
89591
89029
89903
89971
89891
89816
89246
89530
89504
83059
89625
89415
89340
80793
89324
73587
89303
89259
89311
89139
89031
89218
85192
88134
89224
89020
89032
89025
89071
89137
72397
89123
89033
88737
88873
88993
63293
88838
86958
67413
88878
88890
87208
88872
88863
85601
70856
77468
88352
67890
88191
58617
86011
87111
88634
88635
88604
85506
88273
86610
88137
88175
88116
48138
86166
53176
87951
86633
87856
76768
75051
84984
87796
87826
87773
87772
87074
52081
87468
87662
87632
82979
87419
84703
87402
84446
87020
67180
72285
87198
87089
86948
84279
86184
86456
86450
86614
86474
86315
82951
82947
77526
86219
80689
81333
64496
85285
85052
85017
79433
85773
85452
85409
85390
79728
77486
84714
85242
85311
85306
85169
84912
84112
61838
84990
84713
84586
84252
84787
84578
84573
45248
84235
84590
84325
84437
84313
84168
60117
79113
83702
84076
84141
84013
84008
83580
83137
62557
83369
82814
83248
82467
77840
83095
82798
79916
82240
80608
82309
82617
82605
79180
82496
61945
65018
81674
57321
80058
82326
82307
68608
81185
75988
82248
53122
60803
77664
75440
77491
81292
81837
79909
71800
81768
77871
81614
72100
81603
81598
81020
81165
77404
81277
81164
81116
81001
76285
74302
80958
80933
80861
33897
17958
71843
73047
80696
71150
80677
61211
22698
80646
80596
76967
80429
77738
77800
80400
80406
80385
79638
80259
54779
73769
79957
80133
80179
80174
62788
80025
63826
52669
69737
54128
76378
77339
78878
78947
77071
78111
56973
77704
65187
67053
77661
77129
76726
62940
77036
75835
77016
72434
76846
76969
76507
76453
69143
76940
76937
76892
76867
2920
76837
76671
76517
72426
76432
76338
74230
76506
76565
76276
76319
74468
76113
76098
55453
73067
74762
67311
66967
38085
75689
50071
69424
69423
65049
73557
75564
74982
75138
44467
74994
75312
74059
75420
75383
74822
73083
74529
74708
75125
75118
72615
74449
74528
74526
59829
74932
74535
74472
74296
74319
58976
74172
73905
73359
67590
74185
73962
56957
72217
73715
73926
68880
72794
73027
73109
71464
73086
73556
73058
73192
73127
73082
72868
72930
72727
64930
59812
71294
58315
65061
72639
72495
72596
68180
72252
72526
72499
72272
36813
71695
61905
72232
67203
70503
70998
71168
72098
71050
70647
63223
34421
70999
37439
63235
70828
71675
71026
70377
70882
71053
71025
70829
67891
70278
55564
70048
70027
70498
53649
65712
70080
70375
70046
66405
42375
67811
68804
68579
16329
40965
52506
69885
69541
68505
67716
68379
53635
64612
67028
68444
61869
67293
67221
69365
62970
38547
65724
63255
63546
66065
58476
65660
62995
67574
65992
67742
67950
68033
68055
68031
68114
68013
67721
67843
67731
67729
62217
67330
67612
65835
65339
66820
66224
67496
63595
65444
63362
67267
66476
67262
67325
66819
65136
66810
66782
66773
66750
66439
65276
65606
66357
63563
66653
65095
65716
66498
64908
65464
66000
65665
64821
64757
64097
65354
41224
65711
57659
64043
64637
64784
65950
65603
65762
64879
64779
65337
61907
64614
63258
65570
61628
65120
65160
64745
65031
64872
64466
63713
64819
22071
65357
65060
64554
64544
64553
63356
63415
64453
61581
64407
62401
64362
62482
64333
49494
57416
64123
56491
64205
63407
62045
56039
63159
63854
63349
61101
63784
62206
62740
63830
63849
62757
58749
63352
63851
63452
63480
63351
59956
63267
63232
63196
63134
60840
62839
59528
62741
62524
32254
61450
60506
62355
61829
62208
62368
62325
61546
62254
62078
62038
62154
61026
62105
61971
59301
61988
55477
60489
60479
61090
15822
59162
52378
56816
56503
61509
61731
61539
61743
60059
61749
61713
53560
60321
9826
58850
61635
61612
61313
61548
60690
4981
55822
61433
61216
61351
61243
51894
60325
61310
38247
33628
56818
61247
44393
61069
60644
61145
60987
61109
60676
48667
41750
60907
60829
61050
59784
60392
60698
61004
54019
60997
60699
60783
60789
60832
55531
60786
60785
60918
55707
60881
58913
60236
54021
51282
60520
58050
60594
60277
59963
54781
41152
60445
60044
55827
56649
54347
53735
55440
58922
54593
60227
51730
60202
45108
44075
56539
58825
59471
60176
58845
58985
60156
59348
56049
56431
59993
59361
53571
54654
51837
58788
59847
59682
59727
58910
59782
58861
59595
56637
56375
56535
58901
45811
47586
58597
58042
58095
59151
45438
59030
50963
58981
59049
58991
56860
58662
58942
58542
54450
48660
58297
56196
58558
58309
56282
17242
58216
58203
54928
50627
48400
57457
58041
57600
34819
57484
57456
56484
56281
56829
57907
52159
49700
57532
57579
56961
57384
56010
56028
54548
57454
54445
50723
57425
57314
46996
55162
55090
54748
54231
55243
56887
53492
55213
54390
56593
56722
55226
55201
56396
55412
52957
56616
56615
56577
56454
55894
55799
55877
56455
56075
55905
56166
55933
56112
55927
56193
55486
55931
56038
55581
56097
56100
56005
55635
55901
55798
55951
55765
55065
52588
55611
55663
55571
55592
55455
55584
55557
55526
55550
55492
55256
54915
54547
55323
55056
55371
55373
55367
53565
31731
55036
54104
48773
54934
49999
55170
55099
55093
54487
45740
54979
54882
55020
53473
50812
54719
54722
54480
54930
54862
54802
54871
54838
54172
54584
54600
54436
54277
52301
50987
54086
53881
54056
54092
54149
32147
52213
53810
53743
53654
53751
53582
53752
53639
52405
53442
53614
53613
53604
53393
53386
53385
49033
53497
52559
52585
53327
53424
51417
52162
50493
53214
52007
52436
45099
53120
53150
40559
53098
46914
41743
50652
52830
50610
50839
52324
50022
52810
52635
52730
51938
52711
52582
52729
52046
52258
52551
44534
52336
51455
51596
51991
42009
50982
52388
52354
48277
52033
44320
52290
51354
41561
51458
51973
52039
50913
52248
39074
51968
51965
50251
50115
51813
22563
50796
50724
28508
50689
50549
51845
49751
51470
51665
46380
45460
50519
51110
50979
50438
50684
50573
48865
50338
48040
49117
50316
50340
50094
44864
50277
50033
49970
50151
49305
49962
49857
49624
48836
47091
40980
49331
49274
48762
49005
49023
48900
48817
47824
48448
48486
48745
47600
38462
48657
48604
48364
32262
48429
48452
48355
48382
48363
48351
38049
44443
46837
37143
48083
45825
47964
46468
47404
36297
46863
46934
47532
21013
47096
47150
33018
47116
46839
46492
46601
46712
45730
46649
46562
46342
46462
46539
46425
46395
46393
46167
44812
36867
41806
13585
46227
46266
46281
44459
44244
45761
45306
45144
43538
44496
45011
44827
44689
42755
44559
44563
44489
44352
44327
44081
44133
44237
40026
42346
43947
42959
43873
39436
43571
42938
38587
39498
43168
43157
43415
43408
43355
43321
42744
42789
42978
42684
42149
41931
42025
42418
42394
42526
37280
42010
42151
42139
41925
41926
31700
41901
41927
41916
41589
41715
40499
41311
41377
41312
41304
40570
40638
41153
40851
40900
40853
40855
40524
38092
40128
38782
38734
38729
37253
38009
38072
38171
38148
33347
37787
35335
22274
37596
37463
37323
37155
34245
37277
36780
36663
36526
36525
36257
36141
34769
34648
35501
35917
35666
35117
35192
34729
34048
5297
34159
34453
34715
34646
34702
33942
33151
34690
34142
34108
6091
33912
32038
33938
33908
33881
33801
33858
32819
32766
32366
33438
31512
33318
33634
33398
33488
33309
31913
32511
33085
33386
32610
32319
32283
30751
28094
32354
31712
32198
31993
24024
31518
30543
21357
32053
32142
31856
26423
32056
16762
31954
30336
31965
31422
31165
19458
31575
30449
31005
28623
30063
31593
29678
27408
25561
14853
30340
31028
31018
30971
31035
31052
28772
22991
30890
30024
31190
31137
29977
29914
30984
28105
29479
29107
30866
29370
30823
29854
30344
30669
29921
21666
30633
30610
30362
30655
30402
28553
28122
30308
24212
22735
29973
10629
30004
29913
29609
29778
30170
27320
30057
28368
28831
26016
29491
29675
29539
27140
28381
25785
25548
23938
29659
29719
21187
17758
19113
29649
29474
29012
2312
15844
29489
2172
2497
29163
28585
28785
29109
29160
29046
28161
27972
24641
24329
28632
28727
13980
28134
25472
28929
17039
28350
28975
28638
28630
27112
27586
27718
27258
27587
28090
28394
28056
28220
27530
26863
27510
27971
23346
27808
17227
27713
27602
26890
27746
27072
25608
27570
26709
25270
6988
25892
27416
27378
18063
25026
27536
27455
26424
7235
25749
27359
27271
27159
26490
27147
27084
27262
26360
25985
26385
27115
27106
25507
26109
26133
27083
27103
26000
26392
26286
26222
25955
24198
26435
26221
26126
26366
26125
25999
25946
25795
26010
25543
25419
25458
5089
25911
13561
25295
20113
20115
16787
24666
19083
16308
2801
23267
24091
25089
25150
24411
24779
18351
20905
24888
12329
25073
24980
24817
24056
24586
24407
22319
24482
24390
22615
24385
2377
24194
21988
4676
22276
24231
20717
20331
2301
23331
23445
24157
24168
17945
24120
24121
22902
20495
23782
8853
18279
2763
23018
2529
23775
23138
16453
22604
22269
21382
2338
17344
16910
20249
20474
20069
23433
22411
21850
15732
23224
23066
22539
17498
2025
16596
21097
22568
22325
23291
22809
22360
20973
2373
11650
11684
19841
6124
16478
14489
22966
18915
22987
22352
20957
13553
17901
12813
22282
16907
18777
20430
21726
20329
22118
21108
21041
22001
21781
12906
20927
21717
21133
21202
21511
19780
19821
20600
20617
20214
18047
20193
19106
20093
20347
20162
20166
20084
20178
19981
19651
19933
19150
18525
19426
18732
19494
19848
18579
19786
19101
19358
19295
19343
18734
19540
18641
18725
19247
18654
18929
16707
7712
17581
17365
17018
18165
17720
18405
16839
17979
18152
18406
18182
18016
13294
14807
18335
2052
18310
17292
18018
18268
16199
16984
17385
17480
16947
16974
16433
16364
9545
16915
18007
16885
17981
2523
16889
17277
16014
17893
16988
17894
17382
16771
16692
16854
17232
16384
16445
17504
17813
10034
16558
16374
12650
16377
16317
7734
16178
16153
16244
16146
14238
7704
12758
15413
16013
16045
15799
15428
5134
15967
15801
15803
15899
15909
15915
15854
15759
15817
7689
15791
6513
15693
9910
15727
11556
15603
15086
15509
12646
15488
15379
15468
15273
15021
14966
15255
6304
7840
9322
14441
15012
15098
15023
14424
14492
14932
14768
6464
14559
13804
14632
14730
2496
14420
13631
14500
11304
8064
14197
14289
14335
13316
13879
14195
2403
14162
2955
14068
12047
13947
13749
13925
13198
13704
13481
2512
2309
10688
10398
13739
13476
9411
13374
13600
2428
12856
13295
13131
13305
13133
12996
12028
2536
12751
13002
12779
11393
2652
10144
11044
2736
11952
12583
2901
10842
11128
12337
6656
2272
2127
10714
2241
2118
11069
10267
8044
11294
11747
2246
11107
11980
2775
2221
2232
9274
10277
2181
11752
11968
2145
2046
11484
10925
10757
10689
9872
10916
10997
10685
10514
8511
10826
9721
4378
7406
9799
9457
9039
9004
8525
9370
8566
6971
9625
7130
8258
2165
8514
2138
9315
7135
2797
2535
9045
8822
9160
2120
7672
9030
2188
2913
2734
5667
8864
5974
2355
6827
2367
8629
5147
8499
6650
3076
4729
7534
4228
7761
2949
7557
5392
6784
2252
2473
6083
2642
2498
2777
6384
6312
2520
2418
2675
8320
2940
8207
8021
5964
2324
2384
2744
2882
2944
7581
5993
2154
6757
7017
5707
7785
2587
7861
2296
7752
7810
7731
7536
7477
7432
7575
7430
5629
7539
5894
7357
7367
7389
2741
6902
6623
6794
7117
6331
2781
5675
6350
6657
6479
6309
6362
2778
5961
6258
5983
5433
6157
5296
6030
2074
5721
2694
2682
2558
2318
