424772
424852
404471
423689
409707
410371
408334
420188
417765
422792
421506
251824
421040
421160
385237
395989
419692
394030
393098
418692
395558
218431
418384
417012
416401
416022
217753
356687
411529
411636
414960
159917
269401
394547
409520
411794
411841
411588
411641
411585
408072
410830
104379
408060
410569
409705
409704
408555
408124
408330
407434
401844
407382
273728
406992
406171
406995
167472
406463
406478
337680
400668
405376
198508
198748
402393
335657
404879
382703
403074
403036
394692
400062
401418
119181
395071
398995
399997
341604
398648
395835
399665
377141
397467
396809
396823
399291
397465
399087
398965
396808
398383
393719
398076
397888
398112
393161
392946
397842
396977
396759
319054
395919
395691
395007
394950
394296
393147
393829
393932
393007
392847
364628
391520
392931
391016
387940
388078
391265
390546
272342
388342
386518
332635
337086
364539
387536
172388
386807
386762
381714
385550
377318
385989
386203
386272
384543
385504
385389
377286
216707
320878
384184
383491
383358
252779
379525
347389
376882
272472
380520
367629
378337
378989
377474
379086
378619
378258
378149
378068
181788
372516
377445
335132
377393
377184
353126
243912
352785
130922
335249
357997
86168
373885
376779
376688
353472
376381
374111
348368
374689
347587
353221
351181
355039
374264
374920
344552
343832
348758
300542
374074
373944
339752
367669
339224
373950
372128
373788
322556
372013
373169
355926
372973
106228
372818
40580
371968
71406
367465
371987
296589
370725
369558
366013
369319
369295
350511
368452
345213
365775
365041
41302
357325
364947
125326
361916
362743
139231
362496
362404
221782
361920
362106
361559
347599
361403
360913
360642
304176
350285
359940
354092
349782
350290
358823
358846
335224
353731
347734
89432
356778
346271
24804
356363
355830
354766
350375
68305
211529
343385
349051
351853
351349
351048
352227
343584
347302
346007
345740
345429
345363
344544
345003
344436
338529
343242
344474
337707
296786
295200
343422
341976
343245
339248
342391
342926
338229
342249
342559
342410
338675
339222
342074
341109
316269
340470
340371
340338
339896
334980
339700
339614
338212
339228
321592
336833
339056
339000
338531
230244
334978
338809
338731
338439
338638
338656
338373
183127
337181
338271
331028
337150
338154
338089
332521
337903
337887
117960
335778
252104
335173
314094
237081
337209
337156
334635
337077
336514
330353
322914
331551
328641
336231
108247
334992
334864
335677
321608
316356
332124
335147
334876
333541
334690
332019
334625
333803
334480
332053
333654
333631
332982
331447
331311
332271
332008
332034
332489
332421
329626
327079
267178
331864
38185
258072
311603
86967
331550
305172
328554
287123
330241
330754
331115
330680
326419
331053
330640
329614
330415
317497
149803
273499
149801
170385
328694
324237
83061
81493
329512
329248
329252
320084
197969
328481
86576
88434
328198
328315
304135
306069
268525
313313
139215
326116
326377
99540
41092
325982
325195
325812
325258
325694
325523
67412
325221
21417
324719
324995
318010
323690
324769
324285
314076
314077
314075
314069
314063
139197
305255
324429
324391
319532
298426
287374
322538
261498
312014
322331
323134
317755
312189
322812
202566
322253
321818
302831
314407
321550
321574
321558
320983
155828
308199
321385
78522
305103
319689
318797
320133
320511
312054
320199
319860
319854
240690
318772
318661
318734
318731
318607
318609
318127
318388
318255
251200
310470
231329
98025
314283
313943
316199
312204
308672
317474
313478
303617
317068
311283
277862
317066
317057
316155
316756
316627
103450
314777
313339
312659
314354
313972
314585
313586
312966
313680
312074
312867
313080
310641
310396
310903
310982
105668
120615
310993
285137
295429
298951
310551
311835
310690
301455
304217
310424
311099
311162
304191
310687
310609
236850
310089
59891
309163
309977
309806
307758
309415
292505
309035
308978
298934
308898
271228
277299
308612
308447
232333
307756
216627
307816
303762
153912
307407
307398
297566
260626
286524
208460
306923
306970
306755
306763
306752
306736
306504
306392
175857
302470
304083
283427
303155
252432
252431
303705
303698
304792
304927
304174
304826
43277
304573
304052
27079
288385
303945
300157
303785
303794
303773
246594
276906
303607
303605
303405
301530
303314
285809
303163
303313
302581
295040
194175
302077
300940
301242
300901
300981
300805
300780
296782
296784
297183
297320
297116
296781
300536
63692
188595
245007
299931
299928
295629
299631
299667
285000
297449
297392
296836
299151
299127
299155
297593
297709
298031
297734
298066
298281
264112
298520
296998
297645
262909
297280
256757
293300
296498
296878
285637
276466
296439
249593
295905
288211
296229
295901
295897
235253
251789
262511
295230
140392
295208
30881
294893
294856
294768
292860
294833
247012
294763
51187
272532
294322
262748
293446
293428
262050
276424
260531
292903
251741
292491
288060
113731
203132
279124
291996
272418
153079
282755
289228
291924
291893
290916
290913
290491
282770
144249
289992
285814
242244
178238
290034
290135
179473
289655
289152
289280
288931
250944
289247
276068
289028
288847
288242
282468
278844
288143
288121
287947
287378
264606
107924
287049
286845
286221
286406
285523
283413
285854
285852
285573
100593
181040
285558
285645
50607
152004
284769
285437
280333
267369
48966
285024
284793
283891
283851
283304
283697
239490
97413
213519
160853
280755
279425
279715
279924
280123
101233
280193
280245
277968
277031
279981
276111
277812
277556
276486
276708
276364
276744
274511
276102
274199
275859
275308
275668
275286
275370
275360
274474
97228
273615
275291
274412
133518
267776
274364
274833
274473
274091
274269
271436
274041
274086
271446
270462
267710
246003
264421
269595
273440
260865
272465
272366
266962
272836
102281
272583
272742
272737
165434
271375
272567
272354
271757
36595
19027
268950
125296
267918
267904
56576
270342
267916
269814
214046
269524
238540
253674
267237
141906
266931
269611
262732
269167
267682
267358
267554
267829
220002
267616
267897
267901
267802
26070
263935
266443
261530
266878
266938
243294
255932
267002
266831
266442
267241
267090
266646
266275
79053
264321
228608
266085
265645
266092
264136
263916
260816
265448
265789
265638
262605
185043
262794
239695
249981
265188
265394
262763
262768
262766
265197
264997
264999
264722
189294
176516
264720
264747
264770
264752
120561
264504
264143
264120
263784
263751
190438
236878
246627
261100
88195
262517
262877
262389
262393
262532
262552
262550
259408
189682
260528
259413
261797
261538
261519
261003
261002
19771
260694
185214
46216
260362
256867
233559
169386
258792
259095
254603
33737
88265
256879
252331
258059
239347
258135
182539
257695
257490
175733
256991
256869
75794
256571
256463
256759
256578
256577
256576
256574
256532
256575
256087
255743
251693
230189
252415
255449
255448
251197
254759
254721
254601
253378
252591
252643
252493
252383
234143
251629
251758
251817
251771
251572
251327
250806
251362
233955
250960
250961
250425
224958
250663
66646
74759
250621
250660
250629
250149
249620
249535
249155
249549
170879
249342
201587
243179
248954
248899
248254
170431
248659
248660
227559
29379
164449
247547
8624
243163
38297
246635
245257
246501
45186
244423
246070
243712
239735
245250
233982
245777
233953
233954
245140
130874
245359
139102
244716
244742
244681
242762
244548
244431
243399
242800
213786
239833
242069
134065
244020
37839
243346
243153
243162
243584
235314
243533
239442
243147
243160
243284
243266
242816
232773
235170
234330
242801
236421
242591
241495
234182
242366
242127
238718
233278
159775
215161
222264
238463
7845
241134
236582
241193
231143
219405
188276
186122
42373
218437
239506
238218
239647
211578
233374
233941
237323
236251
236332
239940
234984
239887
239425
228950
239144
233510
236224
238418
238828
238819
238353
238226
238119
237823
237808
237249
8112
234959
234361
234163
232021
234363
199013
233913
233905
234170
233646
99933
233471
196140
232711
232297
232941
232491
233006
102020
232980
232981
232828
232360
232496
232790
230931
232638
232827
221826
229734
200580
111419
218108
109145
209937
232293
232025
232256
190782
232246
232015
232100
232075
212015
231887
231360
231780
231263
112921
230122
228844
231575
231757
231363
213179
229302
231116
35385
231117
231112
231107
216560
231057
215982
229226
229058
230857
230342
192953
219335
230862
127046
100244
222098
230827
230391
230225
216463
230222
230217
230397
230080
230067
230186
230170
229031
229052
229261
190464
229045
229041
191757
94801
211841
201882
228641
228659
226496
226702
228535
228506
224127
225284
224557
227612
223948
227342
224372
223938
224038
149316
223865
165697
227876
222210
227735
228146
221828
225498
223997
195357
204207
221765
227482
227738
226043
191639
181954
177295
227319
227343
226648
26295
226935
226675
207938
206949
159157
227066
226814
225950
226894
104021
110589
107923
226319
156845
224417
226504
226488
226444
226261
226195
226132
224429
223869
226002
223132
215331
97912
210924
222942
224132
225247
58777
224070
223686
224158
224399
224183
224139
223858
223818
223586
223558
222770
223553
219408
133731
223371
223190
223228
220909
223169
102132
113247
221767
222975
217816
222395
221690
222407
222443
221208
222369
222392
222355
222025
222257
221743
220257
222197
221467
221130
188673
154199
217500
220527
221114
175452
62107
117694
220124
110774
63149
220013
219204
210636
213455
213638
208703
196200
219844
219619
219772
219607
219608
210676
219478
140886
219231
219326
216412
218149
218509
217819
218730
218339
216125
218665
215996
218331
102236
218459
218542
218346
217667
217806
217982
217815
217790
217896
217805
217973
217800
217874
211447
217011
160480
214693
216122
216314
215971
216233
216118
216248
216116
216243
216136
216107
215831
216095
215810
215898
215958
215965
215448
215651
215655
215656
215185
212635
214854
213272
213488
214340
213995
213605
165294
212544
212545
197768
213248
212856
99358
212201
212573
212734
212554
209221
212051
106691
212388
212263
211045
210921
211791
208025
133191
212035
211808
204914
23008
211484
165063
105738
204682
105651
210865
210940
210909
83258
210758
210918
210883
204289
42066
209979
210644
210616
210633
70870
210388
210336
209505
207839
183512
203765
166521
209853
209778
209705
155013
209545
209500
209465
203049
209220
129588
208868
207946
208752
208568
208213
192805
206025
207928
208066
208002
206143
127533
206064
202221
63573
205723
207492
192045
79112
206617
53377
202914
186720
75800
206153
200016
163660
190188
189944
189398
189394
185333
183736
195552
205951
205908
205906
191009
205801
203757
202815
204274
205600
205556
141492
133614
205309
188597
204453
205314
205301
205308
205177
205256
201426
184559
204803
201063
204667
203605
194639
204642
204634
101225
201718
166761
204285
201929
204137
203719
204095
203846
203713
203764
203750
203735
203941
203695
203693
202145
202245
200850
120223
203322
203263
203256
202918
202451
185482
199410
200942
202767
203040
202239
202373
202792
73244
135612
202402
202289
202273
202129
202266
202244
56946
132121
153252
158008
201908
199216
201698
196242
201590
139818
201415
201085
201423
197842
96273
189882
188728
191208
201096
191193
201203
190437
200917
195624
200801
189329
100266
200569
194220
200456
200698
200685
200686
172491
198318
198375
199218
191753
199215
102590
185401
196300
153312
152142
199733
176017
157069
164324
199067
199374
199055
198894
199376
199072
199045
199064
199023
199063
196307
198932
198689
198890
198918
198812
198919
198895
198644
198792
198783
198786
198698
198700
198684
198678
198679
198670
198668
198643
198410
198586
198637
198421
198424
197933
198408
198392
34934
197951
71065
128785
197985
168515
196305
197934
197722
197791
197626
36343
197483
197481
197142
197102
170182
196075
189638
195848
196788
55875
196093
147781
196631
196646
67124
196510
196340
196446
196303
196334
79318
189284
188864
195817
195423
190987
195808
195828
153689
191804
193482
176293
191862
70410
195547
191297
195432
193969
193312
194913
148011
194643
194636
194574
193798
193795
193729
182108
190700
190982
169407
191349
193200
191222
190639
189628
185075
190781
189987
189314
189723
189672
189666
189620
186975
188910
185759
189083
186334
185748
174349
188485
184502
188915
188914
188087
185745
188861
187265
186663
187824
188466
185694
116023
188130
188207
151683
188376
187306
187004
188313
186188
188262
187226
178859
171022
126342
155834
185086
186976
185170
155814
185872
185871
185113
186967
186329
186959
186957
186796
185102
186754
186473
186275
185457
186554
185172
186291
185452
153066
186087
178013
162856
186153
186161
185743
185376
185377
185069
186061
151187
143413
186110
185124
85817
114582
184296
185334
185788
185332
166872
185177
165533
185330
185359
185637
185397
185527
184408
185169
185178
184829
184971
185163
185058
90849
185100
154043
153115
179316
141253
153881
180241
178503
22243
181830
184444
173189
162541
102287
96490
183925
183093
182716
143025
184197
184193
170239
171770
178335
162549
183857
174275
177796
183685
97006
183149
183513
68357
175244
183617
180929
178945
183576
173425
120269
149775
182866
182921
182993
154471
183142
154447
183010
58779
182520
182948
182739
176502
182923
173081
79764
182725
181188
178484
182341
182458
181941
173079
151988
97200
178744
181805
137114
135298
181915
171099
176282
133530
130725
181758
181193
178508
177709
92095
181160
181157
60557
133277
178730
179689
147767
180497
180406
165758
148313
179056
173438
173770
141517
179729
179696
87522
179460
178819
172284
179018
179022
172314
178440
61817
82296
177502
177749
170310
130890
177359
177347
144469
177339
153044
176837
176742
176536
174327
176210
176595
174405
175850
134257
170237
175700
154667
172142
175495
175827
175498
175710
153407
175699
175575
175534
175496
175459
171797
175180
164677
150244
174579
83706
173053
173020
173492
173018
173012
172944
173767
173295
173421
173031
173043
173021
173055
173014
92322
172516
163347
49412
110599
170061
171049
170885
170884
171525
171058
157479
171359
171073
170717
170819
129973
170629
170552
157798
163806
170124
169984
170192
170197
170191
163443
164831
169365
157784
169932
163789
169608
162540
169840
158041
162573
154787
169831
168847
162882
152176
99738
169331
125504
153055
169446
169166
168691
169362
167826
168834
163121
168032
168007
168209
164626
167682
75843
168412
139805
168104
167706
167714
167663
167646
167616
167554
167644
167634
167570
167622
166966
166961
166519
167215
163050
167049
165689
158292
75353
166222
119251
133517
165646
165798
142508
165520
165211
89107
96910
70728
64307
164779
165015
163804
163906
164943
113592
162395
164472
40478
139140
164318
163192
163709
163454
163799
155003
162914
162908
162911
76638
163495
162890
162871
163038
163044
162895
162867
162892
162960
162548
162530
162434
162374
161617
162179
162045
65841
161910
161577
161444
161414
160860
149633
161713
161672
153247
161282
161395
161359
107496
160966
157791
159884
160858
159699
160521
157796
160270
160312
160283
159449
80000
160218
159337
158207
160045
159802
159638
159462
159424
151408
159100
159073
159456
149467
147941
158375
158274
157639
92579
157772
157807
157765
157774
157812
157967
157767
157860
157809
157480
157468
157203
73401
156513
121049
156842
157276
156911
156822
155435
156352
60724
99694
3537
156239
83221
136915
72354
136353
154936
154840
154939
154337
154609
154037
154103
154534
154518
140771
153299
151611
154215
144410
154193
153078
154196
153077
154044
148081
145138
153245
153421
153449
130472
153068
138910
31815
113266
153287
153108
153143
153113
153072
153050
78416
147079
151773
132827
133810
152604
151404
152384
25793
105761
151853
143073
151505
146116
94189
108121
50832
140163
150249
149941
150159
21904
145733
151280
151024
151062
151190
150989
150698
150853
149954
67967
150481
148118
139732
150149
139938
139675
150083
149990
147429
149800
149797
148419
149540
149496
104941
140416
144747
139961
149468
145028
148373
149440
148635
149114
100763
93121
144902
140565
139000
144058
140777
148954
148617
32936
148664
74979
10694
36195
148115
140214
105743
97280
99963
140111
77067
95232
93292
146532
139730
78929
144785
67589
147181
144941
129547
146813
141277
98069
140315
139007
145784
144426
139142
141501
129929
143481
141527
141994
143171
142266
138972
141400
140553
140901
141213
140551
140982
140761
140332
140755
140548
139933
140465
139899
140167
140289
129725
140248
140291
140312
140292
140299
140164
139381
139668
140183
139932
139706
139905
139694
136746
140080
139639
139172
138944
139662
139677
138577
139145
139230
139822
139915
139741
139762
139436
139889
138767
139565
139691
139170
139175
139150
139158
129035
138930
133609
138937
101623
138943
138855
138880
138566
138875
138888
138639
138547
135816
133555
138628
100963
131284
138320
107373
107587
108030
126351
129336
99948
94705
128843
93200
135884
87258
82147
138325
137172
115524
115526
114499
137964
138323
138318
108515
137954
131305
137427
137756
138088
137925
137732
137688
30826
134736
133355
137474
137204
136618
137244
137182
136312
137167
128181
137162
135168
129168
136598
136362
74375
135560
99729
120432
135278
127799
127659
128990
95619
135697
135122
76657
135500
124182
113673
135841
135824
133525
135053
135550
134930
135515
108102
134713
135565
135112
135326
135526
96328
50139
98856
100100
44419
97213
107509
135091
135061
134742
134536
131120
120658
120546
108065
133618
130530
134720
134985
134741
123356
133834
134739
133489
117053
133891
131073
133888
107621
91108
134676
68282
111441
133486
115016
133925
134523
133481
127665
110015
109280
75702
134305
134078
127654
132687
134048
134082
133893
133797
96421
134052
134034
133936
133853
133831
133824
133798
133818
133560
133488
133603
133487
131510
133492
133807
133796
133526
133236
133497
133519
133513
123978
133367
83473
132318
133153
133265
124702
127126
131562
133141
132998
132748
125869
132302
127657
127652
120894
127780
132931
132660
132869
103306
99346
99329
98093
132715
132752
57903
99330
111653
123229
48231
125486
130027
130764
101626
132254
132303
132494
122650
129991
132518
127065
127678
129366
132408
125677
127639
118063
128763
131713
131768
127668
131545
131279
131679
40306
69623
45408
131544
130909
130896
96799
101987
131348
129157
99960
131309
131288
130895
131106
95708
130317
131069
130829
130469
94950
130925
111972
101025
87492
130718
129508
129730
127727
130542
130396
130350
127645
129236
94586
97521
130293
130284
130139
129912
129971
129876
129807
129141
129799
127203
129530
111885
5174
127275
44964
129165
129467
129504
129427
129169
123946
127723
129354
121034
127322
127993
126806
11820
128048
128070
129115
117477
89947
127638
128825
127583
127677
128399
120846
128180
127733
128088
128051
128363
128165
127922
127746
127995
127704
126917
127563
122566
127695
127655
127656
127661
127791
127556
127741
127481
127475
127438
127441
99199
127346
100787
113770
123086
127105
123775
127250
126507
120195
127184
123470
125450
126971
22281
127045
126915
126535
126800
126888
126567
126811
126626
126707
126727
126616
102288
126044
126389
126391
126000
125974
126184
125874
90257
125152
125872
125580
116836
125455
123766
125467
123625
113333
125144
65284
125148
67191
125013
119603
120340
124993
124669
123234
123198
124569
66260
124659
93351
101963
124088
124179
122635
123985
124000
123786
120598
120560
123812
123825
123468
123424
97215
114551
114509
65240
121627
108664
107826
123233
123224
121084
117465
68011
121018
121060
123084
122490
121428
120850
121040
122906
120528
118031
121862
114732
122731
97429
94265
96917
54900
100487
119849
122319
120864
120851
120831
120673
120389
122619
122505
122176
120544
122501
38469
35004
107827
116223
99732
120534
122261
122389
96952
122491
122052
120924
121983
121982
121981
121979
121878
121200
121546
121222
120539
120585
118871
121192
119171
100818
99675
102142
119846
121033
120568
120839
120586
120579
120610
120545
120603
120144
119719
99317
111509
119827
97810
116199
119392
118423
120081
120078
119923
119875
103785
117493
114098
114119
111496
109041
119394
119532
119528
119316
119414
97829
117468
119170
38062
118882
118399
118897
104441
104480
118799
118430
118479
118606
116848
118422
117466
118204
118246
118222
118209
118068
117216
118152
118133
118045
116573
93162
117894
115832
114153
117718
117696
117706
117328
97764
117015
117469
111742
114368
117055
101004
117295
91550
117016
116342
100212
117071
117025
99906
102811
99918
114492
108282
93093
114496
115860
115099
114946
116844
113841
116419
113665
115460
115902
111056
62596
115711
99924
110964
110643
115513
114774
114891
113338
115277
115321
114740
113239
49610
114493
113104
114544
114486
114512
114490
114360
114485
114547
114558
114522
114369
114568
114555
114491
113998
112356
113159
112372
107998
111422
112603
106329
106637
113091
113062
112077
112440
112076
112886
63840
112436
112462
112586
112217
112234
112197
111414
110438
99698
111453
97918
111139
63838
100760
105926
110149
101619
111423
109562
111185
111338
110986
97316
110956
104743
106073
98104
101445
108793
109730
42439
109992
109969
110003
109513
107026
109419
32088
108453
108700
106174
108478
104944
103078
93613
65268
102629
99325
109053
107110
109019
108761
108666
107637
102645
103706
108312
102907
103026
88563
96949
102846
101143
102883
100820
93400
98847
98341
106409
51595
107590
100539
102492
107706
99619
106737
107391
107547
107470
107206
107036
106855
105829
106127
107128
106814
104202
107097
107105
104495
100868
100211
106607
104030
102018
66891
103377
101210
105623
103089
105034
104796
104680
104065
103927
63389
102724
100551
103505
102193
101261
101296
95709
102494
97279
99688
96580
94414
101953
82268
101211
99995
101863
94287
101453
101625
98160
101209
101174
101029
82839
100846
99919
100429
100443
99539
99725
99944
99503
99681
100389
99605
99886
99736
100310
99395
100155
99789
99742
99392
99958
99644
100196
99626
100174
99974
99714
99812
99921
99585
99471
99339
97468
99124
99110
45399
99140
99135
94651
92578
99108
97478
98731
97236
99072
86699
98990
98344
99032
97207
86447
98994
97306
98918
98733
95115
94698
98893
95181
96924
97246
98710
97936
98354
96947
98485
98887
98679
94730
97201
95908
98479
98327
98474
97507
97467
89917
91855
96722
97196
96596
98542
97313
94302
98487
98472
98394
96459
97167
95142
97442
94906
96928
96926
69154
80778
97529
76530
94632
79660
97434
97821
97264
94665
94625
89500
95830
94696
90263
98072
96183
96776
35867
95113
97921
97858
97586
97852
97556
94650
97278
94557
97671
94783
97433
96771
97397
97431
97474
97402
89950
97026
97111
97283
75336
97214
96788
96814
65645
96793
80473
89157
86298
83498
85260
79976
96748
90832
95928
93988
77627
90556
96532
94810
92519
79906
96581
96222
94794
95632
96172
93430
92967
94304
91081
95128
90425
73656
67814
67451
96399
94403
94795
94959
93689
67417
88806
87682
96302
95927
94170
96174
94789
85274
72836
85807
95423
96280
86842
85403
96137
73297
73011
82940
82231
96219
96048
81877
94399
95843
89516
94902
80359
80996
94561
94560
94556
95942
95153
80364
95148
95937
79507
84670
95145
88396
95785
95862
95311
95584
95135
95562
95672
86624
94680
93249
86515
88854
95399
95401
94426
93654
94689
95671
95528
94564
95560
94559
94048
92841
84353
69101
91409
95179
95326
75672
76416
62086
93541
95117
94923
95000
81105
94948
76816
94777
94921
94709
94652
94876
94255
94562
94367
94643
94654
94766
94242
94676
94261
88774
93552
65540
84966
94012
94062
94020
89036
94090
93964
93854
93695
90139
89505
89513
93275
86681
88860
87080
93564
93567
77185
89463
89510
90772
93105
92734
93509
93511
93376
93324
91470
72178
81099
87076
90725
87920
76241
93323
81441
68983
66480
92982
93287
93260
93235
89645
68190
91505
67289
92905
92847
92801
92751
92563
92561
92464
91324
85502
92344
90424
90749
90930
44362
65556
90394
91524
92009
91955
91809
91721
91072
90391
91266
90880
91306
90841
90393
89476
91115
90569
41239
90830
90074
90082
90528
86579
85894
89524
90249
90101
90280
89526
89478
77809
90144
90057
90016
89509
89517
89015
89985
89963
89525
89551
85519
89817
89737
89808
89502
89487
89553
89501
89496
89523
89784
89268
87097
75142
89013
76421
84998
62865
85901
84224
88941
88741
88686
85226
86629
88865
85255
86840
88769
83319
88742
80264
77566
88397
88196
82804
88313
86852
86377
88309
85831
88283
63519
88284
87845
67090
74647
88188
87483
86451
88020
87923
87922
87921
87511
87670
86107
76014
86456
86602
85465
86135
87311
86815
86985
86778
86465
86644
86472
86484
86591
86682
86684
86471
72036
86177
85713
84924
86326
85245
86441
85299
86152
71354
85832
85239
62876
85945
49449
85845
85385
85383
85717
85377
85415
85694
85549
85371
85327
85544
85658
85591
84338
85267
85243
85100
84298
77636
84983
83500
82461
81407
81983
84986
84980
81178
84915
81426
82005
79174
84807
84747
84862
84794
83187
81059
80909
84722
84657
84194
77582
81712
68525
81173
76158
81980
82581
72331
82260
84498
84556
84533
81414
81266
81196
40243
81250
81100
74160
71546
44285
84269
82950
83593
81421
84004
81140
77502
82507
84021
84070
83397
83952
83523
83729
81098
83697
81181
80098
82242
73535
20644
83476
83440
82536
82475
73975
82504
83041
76087
78003
80345
75465
82992
83161
81083
82832
82783
81816
82356
82655
38570
77933
68586
82173
79419
82417
82394
82330
82219
82342
82315
81128
81091
82311
78698
81146
81143
81138
79698
77589
81878
81589
82167
82123
81135
81130
81177
82089
80126
82061
81084
81625
82083
82041
81612
45081
71287
45496
53641
44150
42777
36365
35866
81733
81505
81740
49686
67327
75806
60297
81131
81078
81082
81372
81329
81195
81070
80673
80912
81161
80952
80891
80839
79752
79690
77849
79790
80784
80037
77649
79278
78880
80774
77586
68582
66946
66394
66354
80715
77615
74627
77964
80573
80455
80393
80349
78053
79905
80251
79809
56909
79277
79279
77596
77056
79989
79806
79793
79784
79087
79253
20544
78387
79411
79584
79516
79415
79321
39896
79236
79166
78618
77621
78051
79130
77950
70891
78901
77622
78867
78821
78159
77440
78450
78733
78491
78168
78756
78688
78317
77599
78533
78496
78233
68546
77320
78087
77609
77618
77577
77620
77716
77584
77938
77222
77901
77439
76792
77771
77844
77839
77641
77701
77537
77585
77612
77598
77509
77442
76887
74801
72920
76348
77314
76649
35933
76764
76031
76579
77193
76643
77083
66843
66593
76167
76099
76674
77030
76574
76756
76283
69240
75432
74022
45033
72315
73984
76439
76363
35381
69817
76242
66170
49353
75954
75824
73671
75839
75193
69586
75296
67614
70079
75786
67644
75155
75711
75200
75423
75316
75264
74004
74580
73890
74928
74540
57464
67805
74614
74505
74568
74504
74513
73295
74171
55325
72510
71267
73337
73579
72046
72388
72912
73347
35590
73353
72547
66635
71754
70570
72923
71244
72903
72992
71283
67851
72962
71153
70457
68311
72793
72520
68592
66831
70922
72024
69689
71784
40038
71554
70412
65659
64203
63688
68058
62605
71332
71219
70111
70077
66501
70284
70103
70158
69843
69932
68868
68295
66939
59157
69020
41903
68593
67168
68552
68504
68157
67944
67978
67873
67821
67187
66234
67779
67428
67046
66835
67726
67691
67619
66923
60795
37648
66094
66479
67183
66794
66737
62909
66880
67314
66436
66947
67427
66664
42639
66641
66548
49121
65389
44393
65762
66426
66418
43645
66467
66470
51026
66478
45438
66329
58952
66340
53352
61709
45465
53984
64880
66353
66159
65399
49484
66112
65246
63898
66282
65638
66250
65866
65682
64261
66092
66155
66244
64517
66147
64372
23440
66043
65839
66048
53376
42551
65541
65304
58295
65315
61565
65584
65249
64932
65063
65378
65254
64855
44753
64890
65243
64971
65237
64530
64504
64867
63883
65137
64897
64672
64604
64508
65321
64902
64906
64900
64921
57011
65252
64129
64634
64418
64298
64339
64419
64011
51851
57751
60978
64330
47337
53860
63940
61878
62871
61172
64286
48779
64015
63222
63700
63513
62880
62240
64105
64108
63554
63845
63794
63908
61508
46773
63250
63155
59698
63641
62716
62718
63390
38341
63529
51632
63769
55884
62666
63382
62849
63637
63145
62703
62755
62756
63400
63062
63485
62429
58540
62654
58098
61198
62959
62938
62899
63351
55513
63268
63313
62968
62859
62868
62853
62787
62863
62437
62896
62878
62873
62840
62794
62747
62686
62508
61866
62591
62612
62603
62503
61641
61014
62455
59832
52064
54459
62425
62398
62386
55661
54658
53629
61841
44283
46942
57706
38464
58509
53851
55502
62226
52573
62156
62182
51634
62134
59283
58791
59284
61782
62095
57822
61995
55858
57629
59280
62062
55882
62063
58637
52742
61005
42887
53034
49350
58796
61273
54951
48501
56132
57569
48504
61759
61176
48970
61366
49772
61723
58817
12144
61699
60415
61469
61383
47315
52773
55845
49099
44204
51345
38483
38482
61286
38086
38089
57036
37954
44280
60799
60414
54946
56870
60101
59045
60849
60714
54457
60117
53603
60715
60257
24046
60542
47010
60116
60465
60466
42328
60349
60247
58815
60258
48732
59326
39783
60078
60077
52611
47499
47097
58800
54892
59369
54444
59229
56397
59211
55249
58921
59199
59050
57283
58696
59039
58293
55527
38237
49714
58061
53888
58778
57442
58537
57883
57697
58262
57899
54922
40484
55219
56732
57720
57622
57661
53742
57299
57362
57115
57084
57176
56885
57131
49126
56289
39600
57007
56530
56965
56911
51901
56589
34221
56588
56465
56463
49461
49527
56459
56691
50097
56016
39935
53000
55012
55895
47729
56550
55604
56543
56129
55487
56323
55968
56195
52071
52074
52474
55899
55975
55867
56105
55863
53473
51170
53869
55675
55628
49022
41796
54153
55532
55555
47788
55497
55529
52346
51540
53539
49796
55451
50960
43248
38444
55399
55347
54228
51557
49243
49182
38176
37594
49041
20633
20446
54787
55340
47798
37763
47016
51566
54992
54717
54806
54799
46775
54737
54595
54470
54468
50502
54239
54334
46341
54121
53873
54102
54096
54094
53350
50460
53839
53477
53704
51670
51654
49838
53530
51895
53201
53383
53311
53299
53010
52372
53215
53155
52708
38503
52857
52918
52971
51647
50971
52257
52801
52470
52361
52476
52352
47316
52750
51954
52310
47509
52460
51609
37513
32378
48482
52275
48325
47207
51466
52058
52091
51653
51978
52062
51890
51984
52072
36571
51683
48069
51644
51093
51648
51637
51853
51451
51622
51763
51704
51811
51448
51573
51607
51608
51619
50904
50988
51612
51453
51541
49242
51076
47785
51001
50911
50574
38200
48831
48968
51160
50892
49826
38458
50676
51184
51209
51092
28716
46753
50768
31818
46935
50745
50212
50658
50100
49658
50386
42233
6579
50230
50194
49975
49966
50000
44535
49840
49869
49352
44035
49945
46929
38513
49719
49802
45585
47208
49708
49655
48641
49599
48393
48722
49485
49002
49230
46951
49232
49010
45531
35762
41523
49177
47665
48615
48995
48999
49084
47617
49004
48871
48852
48978
46364
48975
48868
39155
46926
45926
46933
48696
27907
48617
45448
48473
47874
47838
44891
10947
46941
48431
48360
47822
48338
47875
47062
47674
24894
45179
37353
32478
47210
46658
45178
44834
44737
48122
32022
47856
37913
48001
47971
47922
46923
47873
42214
42068
47731
47394
47762
45680
46956
47694
47678
47657
47218
46763
46875
47332
46394
38110
45227
45187
46946
46886
44549
45444
45062
46821
46805
46764
46614
42699
46656
46351
24008
45349
46674
46608
45332
45110
45352
46639
46088
46377
46329
45193
46227
46074
41851
43003
45517
46042
44318
45696
45445
45638
45614
45356
45509
44429
44426
45491
45461
45446
45347
45259
45260
41489
44417
45124
37249
44772
44310
45004
44936
44993
44833
44862
44668
44721
44413
30468
44624
44514
44407
44401
44411
42655
44308
44181
44287
41514
38497
39272
42215
43999
18316
44166
44062
38137
42753
41630
42585
43487
43653
43557
43985
42690
43551
43850
43868
43750
42367
43766
43761
43595
38471
40009
43488
43146
43489
43437
42785
43364
42605
41241
43352
43228
43294
43052
43207
42770
43109
21586
41000
43103
42587
42625
42998
40952
43032
43035
27005
40772
42767
42700
41500
42751
41501
42143
41912
41932
42279
41849
42208
42199
42159
41988
42109
42110
42096
39995
41958
41953
41868
41788
41872
41906
41905
41044
38357
40785
40767
41798
41357
40355
41148
40360
41727
40047
12192
41701
41692
41688
13617
40542
40967
41228
41313
41530
41598
41584
41597
41601
41491
31249
40399
39642
40401
41464
40337
40120
41443
40788
39008
40706
40452
38705
41195
16287
35526
31543
39473
40830
40880
40904
40787
41028
35905
39038
40885
40352
40350
40780
40074
40793
40722
40291
40592
40634
40605
40347
34124
37131
40547
40557
40300
40342
37755
40409
37127
33028
40036
34231
37834
40425
14555
40414
40424
40402
40381
40320
40368
40261
40364
40205
39242
40136
40012
35351
40092
39754
39859
37046
38281
39923
39906
39953
39023
39022
37467
39375
38971
37377
29258
39871
35796
39794
39720
39746
39692
39264
39738
39716
39660
38955
39414
38181
38635
39423
31240
38922
39324
35767
39027
39244
39227
38478
39044
39056
38879
38514
38481
38487
3888
36908
38485
36902
38496
38512
38892
38500
38491
38569
38084
38484
37921
38392
38477
38507
38480
38195
38467
38499
38453
38450
38299
38317
38311
38155
38132
34997
36155
37884
38140
37917
37919
37886
37765
37583
37464
37566
35614
37567
37508
37399
37499
37231
37445
37333
37290
35543
31794
37197
37345
37381
36978
37286
36672
4793
27762
37214
37215
13884
37149
36342
36456
36481
36981
36990
35379
36519
34315
8165
36625
36849
36485
36762
36280
36683
36578
36623
36514
36518
36616
36487
35556
36486
36498
36563
36554
36511
26247
35977
36439
35523
35448
35487
35236
35291
35265
35246
34040
35107
33629
34205
34661
35123
34859
34754
34848
34335
34484
34203
34332
34195
34685
34407
34803
34156
34169
33260
34506
33533
34067
23215
33390
33512
33389
26250
32906
23031
31683
33220
33426
33358
8790
33773
32993
33722
32687
33631
33454
33415
33216
33833
24255
33223
29529
33648
32958
33473
33042
33755
33290
32664
33016
33013
32626
33458
33163
33187
33015
33027
33230
32953
32917
32654
33300
33175
32101
32966
32972
33251
33683
32969
33258
32656
33405
32082
16879
31645
32932
33266
32585
33040
33221
33552
33234
33226
32943
32942
32987
33356
33373
33521
33535
32913
33543
33572
33571
33130
32714
33103
33029
32431
33376
33020
33518
32902
32897
32831
32460
32531
33034
32893
32680
31662
32469
32935
33219
32301
14702
32384
32414
26298
20666
29531
29696
19974
27889
31379
19855
14426
32299
14305
31119
18687
28720
30543
13170
20768
31214
15182
32224
32273
32268
18588
30380
20157
29458
29755
32180
15277
31280
31769
31253
31957
30941
31283
24678
31236
31237
31302
31328
32033
31999
31763
27636
29909
13921
18944
32010
31897
31554
31962
31970
31292
31905
31865
3510
15654
31473
31708
31929
31821
31634
31384
26035
31649
27935
24921
24914
30706
26096
25501
30940
30553
31687
31720
31668
27408
31083
30587
31534
31235
31170
31254
31298
31556
30870
31576
31213
30630
31208
31202
31081
31284
31117
31601
31524
31134
31291
31281
30827
31288
21183
31285
30191
31150
31241
31215
31252
31228
31226
31088
31307
31229
31478
31221
31445
31323
31389
31351
31395
31113
31114
31374
28479
31244
31300
31289
31295
28277
30143
31001
31096
31091
31078
31075
25324
31027
29846
30991
30970
30979
25503
30806
30410
30943
29896
30888
25927
30135
29711
19114
26321
30505
30598
30350
28942
30749
28515
30700
30786
30727
30724
28582
30667
28082
30681
30581
30658
30683
27807
30508
21896
30412
23498
30080
30169
30341
30382
29507
30291
28400
29525
29805
30235
30092
30102
30007
30005
29996
18568
29848
25291
28510
26927
25845
23112
29726
25068
28398
28054
29698
28575
28269
28443
29500
29416
29405
29170
29375
28267
29200
29272
28824
29003
29078
29091
29156
29161
25152
29165
28250
28869
28875
21047
27801
26186
24912
26318
24931
27415
26501
27988
28369
26288
28244
28602
28698
26242
26956
23553
22446
28563
28547
28457
28474
28439
26723
28442
28469
28363
28354
28166
27429
27292
22164
27687
28152
28102
27194
27561
27764
5295
27075
27878
27849
27512
27730
27491
27462
26223
27483
27264
27223
25098
27114
26546
26979
26265
26306
26313
26746
24892
26504
25370
26862
26261
26865
26452
26641
26074
26102
26498
26699
26314
26611
26262
26271
26481
26272
25827
25768
26547
26599
26357
26451
26382
26231
26257
26380
25014
26495
24674
26453
25284
26252
25479
25203
26377
26289
26354
26287
25729
25137
26019
25737
25870
25830
25900
25794
22533
25914
25903
24908
25517
25002
25169
25246
22499
20662
24841
25199
24890
25211
25069
25129
24915
24571
25031
24919
24929
21857
19886
25183
24920
25144
25126
22496
23806
25019
23705
24799
24798
24790
24791
22260
18220
24712
24421
24709
24585
19988
24698
3248
21087
22662
24199
24576
24250
24444
19857
23361
12955
24398
24442
19145
24309
24271
23933
13243
20627
18703
21794
22624
23479
24174
24101
24124
24082
24040
23710
24025
24031
22508
22551
22573
23696
23699
23698
15726
14386
11546
23968
15370
23783
23725
23861
23860
20474
20213
23838
23685
19864
22994
23348
23585
23447
11703
23598
23219
22553
19889
20549
15732
23324
23528
23366
18961
22938
23362
23459
23434
23316
23069
23320
4263
20151
21808
19996
23188
9598
23082
21583
23079
17402
22827
22725
12802
22329
12261
22632
19067
20832
22054
20622
22380
20970
14299
19278
18409
22467
18467
9448
3582
20677
20017
19702
21198
21173
13036
12049
20195
9615
6860
14646
15247
21631
20424
207141
21815
21939
19930
21767
15877
20232
20885
20674
20533
20700
20520
20693
20508
20405
19859
20512
20595
20441
20181
20040
20475
20237
20242
20144
20047
20051
20033
14939
19075
19104
5877
18780
17147
14444
18936
16554
18510
19633
19635
19567
19525
19445
17709
19014
19367
6295
15544
19395
19035
19234
19045
19365
15730
17913
19431
19066
19043
18764
19275
18637
18622
18067
18581
18039
17921
17365
18496
16230
17463
18159
18486
16897
16822
18358
16181
17176
18412
18410
17667
17885
18060
3616
17884
17195
17229
18285
18116
18311
15380
17143
17566
16464
16938
17646
17292
17916
18291
18292
18137
18132
18163
18198
18266
18071
17177
17699
16182
17001
17168
17045
15829
17922
12523
17703
16316
17308
18028
16843
18082
17295
17311
18034
17345
16847
17910
16413
16455
16414
18015
16441
16265
17603
16923
17271
17801
17396
17373
17618
16733
16858
17020
17171
17149
17598
15486
16343
17383
17470
17317
17316
17576
16613
17239
17915
17423
16751
16271
16392
15906
16531
16527
16452
4240
14943
15604
16075
14680
16051
14837
15830
15698
9112
15638
13197
14113
15956
14411
15755
6819
11699
15301
15263
15340
12871
15527
15801
15797
15790
4094
13082
15656
4676
15586
15747
15473
13981
15571
7330
13661
15407
15503
9103
6459
8595
3913
15330
12720
15308
15404
3733
15412
15157
12035
18375
9374
9228
15188
15305
3926
14777
12683
15108
14531
15152
13034
9159
14421
14525
14975
14409
13817
14898
9440
14891
14438
14572
14368
9619
12428
14135
18483
11902
14429
14665
14390
14228
9891
13196
12676
12780
13269
13242
11673
14120
14281
14093
14236
11882
14112
11853
11626
11448
10022
14083
12585
13507
13907
13916
13877
13081
13068
13744
13620
12775
12611
10654
13799
13323
12593
13558
12283
8082
13056
12884
12249
13066
13226
13161
13301
13189
13303
13206
12911
12525
6532
13012
12861
12590
12449
10758
12596
6887
10158
12517
11442
11306
9601
8808
9258
12188
12101
8140
4166
3992
3975
12087
11801
10458
10403
12336
10888
11689
11773
11851
6125
10168
12195
12210
12002
11842
11770
11844
11863
11866
11828
11826
11833
8166
12108
12102
12053
11795
12104
11786
12096
11763
11814
11257
11903
11238
11767
11228
11317
11748
10247
11537
11416
11440
11424
11437
11314
11337
8357
11080
11050
11177
4121
10170
11172
10339
10593
11109
9646
9909
11026
10692
9510
10970
9587
10795
10762
10387
10957
10597
10832
10550
10601
10751
10571
10236
10470
6700
10577
5793
10570
10382
10182
10276
9666
9940
10054
7681
9852
9654
9640
9099
9614
9819
9774
9818
9737
9571
9537
9570
9741
9528
9517
9495
9304
9479
5811
8110
8911
8118
7882
8121
7945
9227
9066
9108
6191
8689
8150
3968
6935
6682
6835
6055
8443
8205
8142
8815
8757
8686
8581
5755
8107
9127
6408
9015
8673
6224
8731
8611
6299
8730
8068
7444
8161
8604
8476
7149
8210
8321
6064
4131
6680
4914
8221
3658
8129
8085
8280
8023
7834
7966
7985
7873
7892
7947
6146
7914
4074
7807
7653
3487
7600
7469
3963
7127
7023
7229
7591
7540
7206
7337
7590
7252
6277
5651
7487
7385
6410
7402
7481
6970
7471
7411
5473
7369
7340
7317
6828
6233
7251
7122
5346
6582
6824
7156
7132
7103
5915
7046
6967
4964
5466
6977
6696
6718
6429
6891
3782
4367
5264
6969
6691
6903
3523
5458
6638
6765
6503
6389
3959
6794
6758
6754
6238
6722
6672
5853
6478
5571
4052
6407
6525
6536
4974
4381
6412
5677
5225
6375
6356
6062
6322
6092
6181
6308
4369
6196
6207
4151
5449
3622
5475
4155
4077
3793
4172
6147
4071
6009
5765
6050
6054
6051
5820
5810
6008
5889
5818
5804
5886
5873
5722
3607
5766
5791
5832
3770
3883
4937
5492
3471
5183
5699
4089
5774
4103
5404
5587
5356
3672
4928
5474
5452
5418
4171
4273
5392
5361
5358
5328
5367
5165
5340
3348
4971
5231
5161
5233
5128
5232
4329
5048
5116
5144
3666
5120
3555
4360
5097
5052
4978
5093
5092
5077
5099
5095
5075
4972
5035
4977
4139
5062
3512
4354
4358
4916
4385
4365
3811
4373
4376
4283
4086
