425999
426009
339754
425907
423012
425516
421255
425157
424840
423951
423721
416799
358407
422090
421045
422042
405453
377113
420182
404543
420052
409353
414371
410904
336054
414134
412584
409029
411452
414455
414957
408505
413455
413457
413338
413337
413335
413334
413333
413331
413328
413325
413316
412880
413195
413197
413199
413200
412885
412706
411203
410683
409603
409239
411006
411058
394803
407270
408957
408298
407862
408608
358376
408146
407555
407479
389491
407457
406623
392774
406912
405244
404776
235618
404163
403102
397107
384175
399562
396316
399547
398176
403941
399560
403191
403346
388628
399563
399151
395169
398070
393833
398046
398386
381915
394851
395464
395411
391627
392498
388402
394473
393792
393723
393728
393726
393856
393727
393919
372145
39934
393729
383305
393681
393156
389910
392784
380875
392785
392839
387315
392389
392811
390041
391742
392616
392610
391459
392488
384886
388105
392569
392229
391254
365934
387204
390514
392420
384887
391364
390853
391050
392048
259141
391892
391127
391267
391263
380966
391722
391675
377019
387755
391413
391408
391404
391398
383369
391269
391035
388574
390734
390735
390713
385253
383392
389250
387641
389773
388419
324435
383890
386893
378383
388990
387338
382175
384315
383189
372560
379792
387980
387518
386220
387245
387144
387133
386177
378168
386778
386260
385070
386594
385939
345296
245388
368543
377961
377600
384381
385570
384725
380533
381006
339344
322638
383328
383074
381333
113342
383069
376448
339342
382887
382840
378264
380730
379998
379791
379005
368629
377472
378482
372790
378081
379042
378060
340054
378344
99718
377155
377385
377074
376589
376826
375721
365961
353305
373467
376183
375830
373036
373253
375619
353084
374948
374628
364116
373794
333972
372138
372760
372729
372599
337979
355341
362133
370355
338975
368710
363309
368757
369599
368993
358022
369757
357559
356414
369228
369227
369226
369225
369152
369151
368616
368417
367809
348205
368290
367848
344401
367414
96320
367120
366989
365473
365807
365772
365462
219305
364761
364764
364766
364767
364768
364769
340729
333448
364144
362246
361004
360872
350362
363801
297186
362625
335962
337269
275159
362999
362291
356571
359869
304001
361313
361292
361177
346517
361189
332259
27096
154904
355815
359101
350783
345093
293932
342282
359289
357026
345682
349978
357127
358188
331948
354745
357696
357138
343331
355149
356476
349812
355524
355090
326311
350312
281912
350751
352880
353523
345979
348309
347756
352694
345411
352860
348164
335857
352487
351494
352291
347490
348761
340297
345650
347022
175821
322912
345892
345924
341895
344460
344487
344392
344878
306941
317255
336485
343454
87238
344686
344591
344642
344516
344597
343932
317219
335056
344324
338127
343816
339138
333630
335307
342648
343560
343093
341402
341190
342488
342192
341958
342279
336379
341134
341361
341212
334746
243894
270490
327260
65899
340603
340248
116892
339655
339941
333759
333323
339345
338981
339116
336957
338965
338937
338825
329456
324155
338448
275071
335373
335887
337499
337263
337203
335134
325241
320636
306039
336624
329872
272331
335928
335172
335304
335882
329216
335589
335382
334865
332096
334624
322293
292780
334723
324662
334420
319188
334067
333914
333893
331310
333500
333493
333386
332389
332282
333053
333086
332830
332917
332887
332709
332872
210451
332599
332700
332600
332003
332083
331993
330757
330540
331474
331453
331698
331676
327560
319893
307345
330299
329058
330268
329814
329916
328909
324102
322525
327332
329576
227638
328654
329181
328945
328864
328706
328950
328053
328794
328740
300620
150870
328396
324236
328290
305672
327362
327995
326861
327974
324254
326672
316712
327113
327365
326479
326200
307302
298698
297511
284028
325687
325153
325607
324345
325383
325012
289868
276346
324892
324497
321754
318830
322966
323995
323763
321974
323535
320064
317872
320066
323373
317163
323219
323092
323056
303454
322438
312960
322222
315140
316806
322253
243529
314416
322151
322137
284777
317902
312371
312365
321898
316238
321614
321359
297633
320484
315948
320879
320581
302802
299451
320135
313208
312195
313315
313846
317843
319677
315812
218929
319582
313740
309269
315932
294761
316938
314243
315894
294860
313121
317390
313593
317782
317051
316811
312830
314914
315326
314432
313594
314064
313711
314079
314066
313937
312315
311817
313787
312927
312346
313444
313424
313223
312734
313197
309907
312956
313182
312810
311809
312722
307991
312359
312528
118049
309753
277098
312112
311973
312097
311974
288669
298744
309570
311819
291326
311687
311881
311631
310636
311746
311632
291749
311602
311462
311466
311303
311292
311302
282229
310648
305433
310932
311129
311216
311231
311228
310912
310707
310660
283503
310401
310290
310083
107337
288824
308270
291253
303818
308496
247216
308329
304780
308445
308724
298143
290373
308500
308057
308381
292665
307681
307947
305795
305096
212594
213050
307403
295482
305224
303263
294737
297480
36806
305095
305186
305230
305332
305294
305335
305704
304093
305553
305444
305537
305536
305070
302972
303487
304606
304802
304750
304677
303499
302950
301911
300995
260533
285223
298435
302861
225401
271298
301212
69814
302053
301684
301863
294986
185934
279454
298942
301018
301091
300641
252390
293931
295483
300070
299241
300056
299094
298612
299686
298473
298805
295959
119192
280005
299302
299436
294542
246505
296284
297477
297605
298424
297911
297823
297507
295185
188372
291128
290395
188440
185202
295774
295856
274963
295681
295513
295368
295232
294368
260407
294308
294335
292227
294171
294053
288468
293513
292281
72905
293490
293315
286040
278081
281383
274432
235554
136932
290568
53184
292333
211983
72872
275979
292321
291486
292187
291788
292119
288964
277355
291918
291724
291726
288474
291209
264398
291307
291354
289752
60387
291229
204582
280277
291030
290759
278132
289612
290635
228695
232560
279408
142593
290320
290397
290216
290240
290204
290125
287234
289401
289244
277714
84620
202414
289470
289467
288506
279356
148532
289974
275070
133133
288857
289219
287307
277072
288856
288452
288480
281695
283217
288146
287495
284858
287665
287694
218562
278886
287149
276416
278489
274532
278704
287278
142490
287119
270531
214807
286063
271765
286763
286687
276892
285773
262925
251270
279441
279052
280537
68194
285641
36802
268789
282998
286113
271703
108792
279013
285656
278944
279877
284993
280569
273678
65796
281725
283850
276110
275900
283108
279712
277356
273850
278782
278959
282441
278982
283688
279273
283958
277454
283313
281352
279917
277567
279676
278625
277438
283346
278376
280708
275617
277315
173888
278780
275589
280921
278981
278370
277377
277888
279329
279313
77217
245572
277474
276178
281011
280976
279501
279042
278413
277539
277268
277442
261206
277631
277437
273570
277668
277235
277314
276564
277285
277193
277175
277195
276569
277173
276506
276854
276485
276516
276531
276553
276683
276760
276826
276131
275945
275875
275552
275631
275913
269413
268503
275681
266172
274001
275484
180176
267884
275459
270676
270316
273953
262981
274385
254861
273354
270495
275207
274141
274161
273099
271029
274274
272401
245278
274890
274931
274271
274696
274022
236808
273661
274344
274169
274302
274188
274538
274230
264560
274295
272276
273635
258391
273939
273492
273919
273631
273521
272412
273313
271310
268529
271384
273280
272046
273117
273083
273095
272834
254497
271691
272833
272989
271692
272868
272827
272710
267680
272631
272616
253056
269566
267038
272259
222783
271904
271697
188320
253229
267507
271634
259687
270954
271336
270670
271179
270406
271026
240033
271027
271017
270880
270544
270861
270663
270654
185204
239477
268651
226973
270179
266974
136515
263589
242388
268181
270177
270140
222863
268724
269950
269606
267895
268745
269599
267468
213185
269533
269506
262694
269305
269106
268649
269031
268853
210871
253217
268410
268787
267466
268732
268613
253214
268543
267129
236630
268217
267174
268389
267886
268307
252416
268303
253060
267717
266203
266335
267450
267126
267841
267752
267103
265947
267516
267138
267104
267196
267270
255000
254498
266405
266385
266828
266330
266549
261548
266883
266516
266625
266475
266344
266407
266499
266370
253075
266180
261732
265991
265481
265897
265570
265606
264399
265393
265427
265326
264425
252251
263518
265188
263999
262968
264762
264703
264764
264212
262978
264705
263971
257188
263563
264553
264255
264019
262922
263620
264003
260514
262955
263967
234240
252279
263529
263603
263677
247444
263664
256469
248796
256940
263530
262970
262700
256919
262866
250575
260761
258727
263071
262984
262702
262651
262888
263062
262939
262767
261553
262573
260585
256346
253990
262117
256327
262346
262230
258675
250443
261576
258110
261854
153432
261354
254792
252419
252479
261228
261052
244597
261099
259379
259003
253786
251454
254533
256825
260870
256159
260598
182914
237517
253227
258992
260364
242838
260460
253745
256173
245590
258305
260273
260291
199964
260277
240142
257584
260123
257442
257088
257237
260076
259910
259295
256719
251012
257582
245783
257007
258978
258975
258970
248762
256169
250579
258309
258159
258134
250179
257967
257534
117934
256476
254956
257614
257278
257238
256685
256870
256770
256845
257056
223590
233303
255730
256688
256687
256350
256261
256170
255282
255403
253673
248921
245523
255658
255821
249210
128804
255373
255398
252418
253220
254797
254865
254947
254808
254607
253225
252388
253254
253065
251762
250175
253259
253964
253057
253058
253720
253265
253294
239141
252486
252903
252678
252895
252749
252642
252747
246274
246541
253240
252245
253189
252370
252424
252422
252679
252427
252995
247866
252441
252460
247558
252464
252252
252232
251582
251779
252064
252079
210443
222791
251149
251618
250574
251128
251614
251469
251516
251583
251581
249880
225266
251603
251607
250178
249003
251442
249005
50228
250172
251084
250193
250976
249001
251007
250994
250859
249007
211048
250782
250841
250622
242716
248881
248551
250327
249999
249517
249286
249000
249612
249608
211696
248950
248731
248735
247069
248467
248187
248266
248167
247550
247728
247702
247649
247676
247557
247667
245667
247549
247290
247318
247237
246820
247083
244318
145890
246602
225264
246235
244472
245266
244723
244931
243558
245379
245185
244574
49996
234809
231776
239965
196884
244396
244234
244108
244072
243924
241062
243012
243232
243037
242603
210441
242484
242263
242414
97496
241671
242003
232688
241443
242030
241144
236724
240817
241720
241380
241490
240190
84552
239482
211536
236634
86745
239231
236312
239220
211202
238847
233261
226369
211363
238149
127971
237986
125499
54525
236937
226090
237138
237675
236689
236524
237432
225265
230120
230118
237106
223391
210988
223390
236669
236419
232689
235847
235806
164437
235617
235329
235348
235324
227914
235219
232685
232686
219437
217378
233844
234823
234732
234437
223823
234271
233638
234158
234433
234119
233598
233867
233969
233595
233485
232617
231877
233351
233099
232163
232965
232499
225404
229570
228282
231882
232475
232017
201774
229181
232093
231787
226007
231925
227076
231884
231606
206870
225373
227974
228167
231449
227965
231303
214503
229520
226832
223926
231192
231148
231009
219558
230489
212991
230912
230935
230388
216919
229776
229680
230071
229841
229377
148094
220642
229172
228667
228968
228770
214381
219641
228287
226016
225677
225975
227597
220471
210028
224122
226363
227411
174014
73390
223512
226229
223015
216503
169839
226022
36729
158243
225527
226747
197238
177368
187036
143358
125866
116748
226469
42485
130470
153365
196676
225973
224941
211181
225946
220465
225997
192646
225593
225329
207909
225440
225263
221411
210854
224642
221268
181864
224462
225038
223846
221924
224198
223219
223514
223513
223970
223909
223941
223932
223881
223753
223813
223179
223591
210858
222798
223397
215204
222281
78825
220112
220974
221957
175689
214944
204891
222381
221687
222305
215243
221958
221938
221936
211362
221559
205796
221683
221512
211885
209428
166381
221128
218502
221166
219307
220997
216900
220462
219306
117335
219582
215183
214599
220057
210827
218606
217446
213489
219843
28132
211359
213937
219601
215252
219621
217371
219326
217842
211357
210857
190992
214557
218702
218700
196191
218547
218193
199811
217764
218514
218212
218215
217849
217915
168807
217758
217336
217319
217470
191252
217242
209016
217180
217179
92471
217161
217154
214682
216805
196864
211531
190793
216482
216431
210756
216614
216593
216340
216287
205713
133933
199495
216137
16987
215875
47783
193433
182196
166187
211188
191413
197224
184063
211865
215431
210845
213923
215148
214160
152822
120192
214754
211685
200956
177589
211949
213247
205736
213200
205264
205866
212556
212823
212671
212610
210995
206682
211663
206346
208427
210873
210861
210869
210894
211361
210847
211220
210942
111259
211194
211197
210853
178044
110916
208837
204289
210412
206894
210214
209854
209650
206432
209752
209863
209339
120744
209543
209468
207819
194143
208503
208649
207052
209088
206714
209039
209028
208675
204393
203370
207927
204561
208566
207662
208017
208188
208007
207558
207613
204953
207628
202782
204571
207901
206315
207852
207744
207605
206786
206749
206609
206722
206661
206602
207266
207472
117580
207347
206743
206806
205795
205928
204626
205983
205459
198673
205130
205063
73645
205099
202672
204008
204330
199137
202524
203648
203817
195254
189847
148345
202359
184186
149576
202671
199350
108813
172290
120616
197402
198902
201568
139647
13411
195575
201480
200621
116854
201373
201716
198745
201326
199156
199099
193515
187125
196737
200101
201217
148530
200694
199102
200153
194146
196979
197964
199115
189149
140270
150365
199109
199133
198922
198632
160824
194275
198053
189292
194971
164755
135011
118844
195812
179773
193561
195650
197336
191260
192700
187210
194702
167562
196791
177578
157568
192861
191790
56502
91311
189649
195154
186683
184643
191632
190028
189189
188726
81604
186685
189676
192128
193188
191741
191412
191372
191072
190262
190480
149040
189992
158043
173559
189960
189970
189465
185862
188932
188859
186722
181410
187273
188273
188567
100622
188381
187971
187704
187878
150397
185607
187597
136691
183503
187215
182986
177711
187117
185916
173549
55142
186378
185231
184916
185910
186580
158122
186757
186611
183640
186557
120725
186448
154036
185534
181937
186054
184111
177156
186034
185532
185313
185529
184592
185617
180511
178779
185263
185090
184266
184922
184836
184774
183830
167686
184385
160292
172792
178495
136332
182906
175259
169290
179266
180621
176491
179105
177374
178008
178388
182748
179204
182777
176307
183254
183253
183280
133597
182990
182991
119109
182810
169291
82500
180674
182498
178766
81467
96244
181931
143707
156817
181302
182001
181405
176167
167301
162578
180977
178757
151891
180821
180376
180773
180615
180540
177123
180204
180221
180181
179794
176792
179177
179448
169293
14654
178134
178735
179161
177389
172832
178705
178326
177210
178597
178325
174180
178426
178180
178364
177885
178185
178115
177858
176719
177223
170393
177531
176115
176609
177065
176417
176510
175707
176594
139987
175870
151454
176032
174395
173782
173371
162015
165106
171562
174569
77174
173573
174565
174130
174467
112724
133161
173666
172843
170907
173089
173846
132304
173670
172918
172888
144709
154944
169048
166483
172537
172175
167744
172179
158746
172001
171358
168384
170571
150751
170973
171278
155817
170813
170900
170785
167748
167656
170463
166760
169784
169845
147518
167391
164355
168043
186043
169413
168821
168700
168444
166548
168314
167872
167991
164493
166547
167476
167219
166971
166942
158982
166793
165036
165712
82272
75812
166479
158903
166264
155655
162198
163824
158831
79084
163594
36070
91666
161550
161809
162967
139711
158175
161533
162146
162411
162084
159586
153448
154429
153196
151142
160647
105764
155451
158790
158970
157797
103809
157544
158462
93938
158411
156943
157865
149774
157689
157914
156675
157292
157634
157478
151348
151633
157404
155389
108175
114244
155224
152769
32683
151150
153841
154928
154732
154736
154746
150300
156213
155624
150304
156027
154943
155801
155916
154052
155162
155390
155212
154961
147418
153885
154611
154198
63793
153423
147673
152129
152937
152936
153398
151767
139485
152718
151136
138528
151893
147228
152385
124836
139854
150155
145704
62627
149970
151137
104750
137621
148522
141254
150407
142335
150764
151228
81834
150314
127469
128200
141138
150099
87279
109843
146250
134760
149493
133183
133938
140244
148354
147423
115947
147550
146575
140519
141282
77321
120118
146264
136323
136472
110555
142800
141678
108573
145526
140500
137911
143732
143661
143482
141489
140843
141395
141589
141552
138907
134353
140272
67384
140052
104545
139964
96378
139400
130173
139226
108769
101354
63226
139262
133006
137403
138724
131206
137025
138499
138630
99984
138461
129609
138062
134417
129564
136473
60273
137524
137714
127716
127216
137320
136675
136641
136451
135040
127813
136931
95950
136673
136633
123922
136272
134925
134356
134837
76740
136064
127902
135649
134175
128273
130853
125812
82769
132695
106381
45918
135303
81264
110794
134482
134882
113559
134874
127848
134313
134382
134269
134181
133126
132989
132979
133680
133756
105245
128451
132912
124415
127821
116749
94691
132874
115234
120241
120051
113019
127373
128750
131906
131727
132089
131724
129999
127827
131805
131739
130605
128400
131654
131393
128719
131625
131623
131627
83133
130756
125656
131585
129526
123188
131160
92548
108996
123384
131198
130971
130991
130876
130792
130113
129908
130260
128891
130346
130363
129974
130696
130614
127168
130375
114662
130050
130101
130159
130120
129732
77106
123827
129745
129833
129495
129501
129535
129347
126818
129054
128845
127776
129126
128378
127960
128476
127095
13969
128267
128408
128244
127734
127755
123466
127751
127266
104892
104902
54426
80913
126996
126995
126864
126299
105028
125255
125621
125849
125725
64686
115209
124414
124591
124400
68255
121506
91364
38528
123675
124208
112791
124092
122550
123993
123933
121722
123594
122428
86825
123184
123143
121507
120573
122736
122496
49267
122433
121903
121890
120954
120524
121729
121741
120914
120980
118796
120654
118909
120176
116121
118362
116746
117700
118119
118378
118241
118240
117928
117816
99381
117990
99461
117807
117879
117757
74482
117195
11714
117125
104284
116110
113005
116720
116688
115675
79894
100659
116005
115230
112358
107219
112454
115667
113105
115292
115092
115176
113244
93380
112463
112345
113802
114533
114498
112390
111798
110951
114039
98511
111303
88724
113895
113172
87883
101331
100035
34612
76804
113485
41466
68657
113100
51736
112116
100696
109951
112403
109952
102088
94370
109215
89687
111910
57723
102525
112336
104041
111762
93763
71348
110346
111322
110923
51480
110342
109341
111157
111284
88958
103894
110949
98296
110824
33979
110767
110753
108949
110432
104407
100363
50646
108921
110057
110073
87503
109131
108865
108060
108423
108796
108190
107243
46387
107684
34184
105772
81567
97597
96339
106928
106511
106494
34159
106024
105622
106502
106006
105494
100665
92636
107329
107324
107112
107127
107145
107048
106851
106730
106536
106542
104589
91013
106647
106058
105133
105591
59537
105849
104301
105213
80798
96916
104992
104966
82277
96053
105132
18607
103642
103627
103431
104280
104509
92313
102272
103934
100387
102794
103603
103719
101799
102165
102543
101839
102201
103238
102830
102617
102952
102080
85389
100741
94502
94429
101093
99761
99746
101795
84891
78634
100699
99348
86562
100663
49674
100231
100065
99376
98845
98087
99525
99697
99527
99535
99518
99936
97170
97625
100199
100040
99745
99561
99541
99341
99167
63364
96679
96212
99109
98691
97915
60635
97046
98802
98439
98596
91319
97662
97696
97992
98286
97697
97725
77661
97978
97659
97931
97743
96525
97813
97762
97125
97686
97552
97370
97011
96844
93724
91547
97340
96723
96042
96692
81232
96445
86819
82169
96635
96494
85645
95890
96411
95756
95648
76823
94946
94598
95018
96080
80180
95667
77540
96097
90246
77617
96090
92105
89720
94065
26902
95840
95750
95823
95825
94595
89574
95312
95367
95408
95617
94432
95226
94437
93526
94818
94546
77658
94815
94421
93918
94202
93870
72784
93501
93387
87051
31066
93848
93759
93349
71228
93664
71234
93691
91159
92612
93382
88030
84219
87636
90938
63266
93266
84632
33821
93222
90303
45793
91302
93151
93058
92883
92616
87822
83905
89239
83097
92844
92541
86830
85862
86214
92648
92583
92382
87294
92228
92488
91350
50598
92241
80762
85525
92181
92186
88059
85426
92017
88717
81298
91060
91254
92046
91807
69381
91464
90192
88839
67626
91252
91435
91511
91555
90258
91468
87882
88133
91423
86741
76456
89779
64590
86608
66882
85312
81691
91089
84740
90899
90946
90222
90152
89367
85537
90282
89378
90770
90087
89483
89669
90729
88735
88388
90513
90366
90176
90223
87837
81263
85117
84589
79881
85530
90018
89885
75317
89665
87695
89564
89533
89217
87207
89163
89028
87820
88409
88582
82336
68040
86294
87855
87578
87664
87676
87584
87372
87363
87075
83432
84051
87265
84012
82703
86587
41546
51828
86588
86577
85552
41363
86402
86000
86375
86145
86216
71844
85412
85875
85877
85547
85849
85834
85732
84557
85453
85236
45429
85119
34644
84733
84535
85006
84665
84861
81254
84630
84783
84755
84602
84600
54973
84581
71262
30968
84404
84383
84085
82739
84077
83791
83699
83765
57068
82346
83546
80414
49426
83532
82640
83305
82905
64923
83262
42632
82828
82067
22646
82657
82531
82282
81695
81893
80830
81759
81265
80622
81399
80276
81357
81137
81214
80216
80204
80867
41227
80160
14297
68212
79934
73965
79557
78565
69304
79481
79191
78558
79186
78559
79210
49057
79215
78568
79064
78873
78727
78725
68353
78562
78239
77535
78407
43684
78226
78150
77983
78204
67237
77527
77676
77530
77936
77493
77492
77490
72244
76933
49722
77342
76963
34536
69781
76904
76983
63579
55964
76709
73100
23006
75218
75577
20269
75739
73871
68876
74882
10766
11657
75753
75906
56047
75675
74666
73345
48272
58185
74275
30804
75219
75404
75169
75268
65865
75168
74241
74399
74824
63224
66122
66392
74010
72399
74111
67898
73757
74169
73725
70966
73730
73717
73735
73698
73432
47184
49726
70780
73046
64607
72929
70299
70883
72217
71303
72750
70077
57188
61893
48884
72223
47549
72342
72345
72343
67746
72206
71711
52548
71999
71894
71757
71907
71803
63571
70620
71013
65772
69440
68273
66433
71570
71019
71282
71277
70857
69410
71338
68292
30983
37868
70160
68643
68855
68759
67165
68571
66507
69509
69721
69881
52059
67489
59630
68950
21089
37735
49598
60768
64610
68070
68661
24959
68074
68667
68096
68102
67928
67935
67825
48492
62405
67185
66717
58642
67483
53920
67355
67132
67346
66942
66941
66653
66331
65697
65695
64400
38408
65350
66356
64349
64429
66095
66039
64793
65905
60659
57408
58615
64759
65759
56508
56765
65599
62336
14536
63931
64760
64237
64791
63991
65214
64365
64980
65169
64938
62723
64518
62982
64220
62558
64457
63185
38260
63070
63003
22018
62523
63296
56063
61316
60102
63154
62528
60457
63105
62790
63006
60819
62760
62477
60068
16620
62195
52849
62090
61207
59333
62010
61337
55748
59528
54575
59614
60420
61239
43921
57506
60937
59352
12625
46824
60492
58272
60334
59941
25629
59524
57380
58638
56376
59872
59424
58851
59698
59615
57562
57079
59279
53506
59051
58346
58756
54225
57627
58156
54922
57647
57876
57884
50657
56918
57395
57296
55541
56795
56667
37052
56094
51719
56366
56245
55849
55522
53274
55920
55913
40420
54264
47638
54386
55323
55307
54990
54878
55053
43893
49778
50151
53141
53221
52935
53519
52899
52536
53394
53556
53638
53419
53404
21234
53440
39892
53388
52947
53128
52733
53063
52862
52541
52337
51374
51248
51831
38643
48273
51031
51492
44946
51088
47264
49797
51325
50522
50907
44063
50991
50709
50778
50639
50483
50034
50256
48809
46543
49942
49723
32828
49381
49154
49534
49071
48470
48781
48589
47973
48263
48022
48036
47898
47894
47916
47039
46810
47170
46707
47173
47245
47468
47366
46896
47391
47143
45419
46859
47146
47084
46068
16011
46688
46702
46722
22010
36486
44919
38521
28684
46268
46147
32772
21075
46037
46028
46946
45789
45877
43108
34408
24319
37510
26101
42278
26913
44878
45640
45628
45341
42367
45439
38585
45306
45337
35494
44050
41420
45267
43500
44474
45145
44232
44174
44896
42947
44832
44778
38022
43281
44607
44508
44372
44212
44165
44164
44161
43918
43177
43576
43808
43778
43757
43599
43394
43667
43597
43610
42892
40085
43538
42225
42467
20841
30273
15538
38094
42787
41774
37863
42867
43011
41039
42897
42882
42818
42724
38983
41748
42259
42293
35589
40019
39074
40800
40406
40693
39781
41707
40560
41619
41980
41362
41201
41455
41627
32006
40899
41347
39173
41200
40884
40102
41067
38415
40156
37095
35826
33370
38712
39730
35761
35861
40216
38777
40159
40155
40130
38855
39032
37428
39236
39013
38809
37490
21212
39119
39443
36997
39107
12220
39140
19153
38606
20083
38626
39078
38987
38412
34330
38344
37782
38912
38353
38841
35183
38385
29534
38433
35493
21191
38331
38337
38242
36636
38221
38076
23787
33359
38161
33164
38055
24700
34634
37941
33080
28535
33166
30854
37858
37874
35657
37881
37591
35804
37497
28529
34185
33496
37178
37140
36934
37198
37519
36450
37498
37479
37164
37293
37299
29332
37212
37030
31941
34982
36386
29787
29786
36679
36684
36541
33492
35915
33316
35842
35012
29788
35837
28800
34996
36270
34270
19228
33068
36000
36192
35607
34122
34445
34499
35496
34515
34385
35156
35773
33369
35628
24877
33086
29765
34457
28589
33529
35602
35588
35091
35786
35434
26078
34428
34569
34739
33713
35038
35022
34879
34649
34418
29486
33017
33099
25671
34463
34724
33343
34835
34512
34614
34188
34181
31685
33822
31834
32286
32482
25604
29387
22416
33777
33813
33776
33046
33580
33590
23419
32855
28514
32122
32856
33057
33022
31187
33119
31946
29887
29837
29198
31627
31950
31857
30905
30924
16808
31823
22767
31568
21469
30570
23370
17057
31566
29607
25446
31267
24372
25383
30537
29546
30212
20755
29142
27629
29910
24815
24333
29730
29503
29685
29599
28062
27822
29496
28743
29427
28745
28967
21063
29252
227099
27677
29208
25843
28812
28833
28719
27869
26079
28658
28382
28524
22759
27977
27526
28035
27422
27031
27410
27644
24436
26506
27331
26563
19080
20318
25653
26935
26997
24969
26804
19735
26362
21626
26353
24835
26419
26434
26421
26151
26367
26008
26121
26004
25803
23935
25797
24493
24273
22052
25572
21695
24757
25253
25399
24693
24504
24264
24992
24150
25162
25212
22986
25053
24805
24663
24702
24676
20258
24593
24677
16657
24402
24358
24313
24225
24232
19773
24137
23947
20672
10459
24139
24106
24088
23645
22645
23936
23864
23766
23898
23807
23795
23820
20461
20377
22121
23657
22839
22189
21126
16700
10532
21620
19256
22490
22862
22926
12048
22564
23285
10050
17793
23028
21185
18822
22918
22364
22114
22868
22874
22659
22721
22737
16333
22468
20321
14942
22457
22365
22320
21272
21870
22204
15610
21834
22060
21179
21696
21472
21338
22036
21967
21937
21564
21958
21563
21831
21526
21573
21653
21706
19380
14799
21456
21374
21440
21449
32770
21596
12181
18429
21524
21523
11994
12178
21415
15088
20690
21413
21154
15554
16205
21223
11868
21386
16110
19964
21030
17252
16986
16777
19434
20956
18705
18253
19630
15728
15559
20846
20159
20904
19615
20722
20683
17993
21192
21006
20965
17191
20615
20556
20513
20362
20365
20176
19244
19089
20184
19925
20029
19670
19708
19671
19660
19595
18934
19503
19394
17788
19345
18838
18439
18629
17752
19169
18804
18733
16883
16837
17289
16810
17290
18229
17354
17831
17825
16688
17228
16174
16791
17917
16553
17375
17637
17022
16828
16549
16775
17497
16200
17932
17802
17632
17832
17305
16995
16458
16576
16245
11516
15466
15513
15989
15172
12398
15224
15868
15705
15686
15637
15643
12360
15208
14935
15115
14880
13725
12952
12811
11587
14813
14528
14047
13826
11935
11515
13194
12772
13639
13432
11182
12573
11498
11204
10525
10426
10002
